1.000000000000000000e+00,3.200000000000000000e+01,8.487882000000000460e+01,1.000000000000000000e+01,2.498298000000000130e+01,1.215402399999999972e+02,2.012000000000000000e+03,1.100000000000000000e+01
2.000000000000000000e+00,1.950000000000000000e+01,3.065946999999999889e+02,9.000000000000000000e+00,2.498034000000000177e+01,1.215395100000000070e+02,2.012000000000000000e+03,1.100000000000000000e+01
3.000000000000000000e+00,1.330000000000000071e+01,5.619845000000000255e+02,5.000000000000000000e+00,2.498745999999999867e+01,1.215439099999999968e+02,2.013000000000000000e+03,6.000000000000000000e+00
4.000000000000000000e+00,1.330000000000000071e+01,5.619845000000000255e+02,5.000000000000000000e+00,2.498745999999999867e+01,1.215439099999999968e+02,2.013000000000000000e+03,6.000000000000000000e+00
5.000000000000000000e+00,5.000000000000000000e+00,3.905683999999999969e+02,5.000000000000000000e+00,2.497936999999999941e+01,1.215424500000000023e+02,2.012000000000000000e+03,9.000000000000000000e+00
6.000000000000000000e+00,7.099999999999999645e+00,2.175030000000000200e+03,3.000000000000000000e+00,2.496304999999999907e+01,1.215125400000000013e+02,2.012000000000000000e+03,8.000000000000000000e+00
7.000000000000000000e+00,3.450000000000000000e+01,6.234731000000000449e+02,7.000000000000000000e+00,2.497933000000000092e+01,1.215364200000000068e+02,2.012000000000000000e+03,8.000000000000000000e+00
8.000000000000000000e+00,2.030000000000000071e+01,2.876025000000000205e+02,6.000000000000000000e+00,2.498041999999999874e+01,1.215422800000000052e+02,2.013000000000000000e+03,5.000000000000000000e+00
9.000000000000000000e+00,3.169999999999999929e+01,5.512037999999999556e+03,1.000000000000000000e+00,2.495094999999999885e+01,1.214845799999999940e+02,2.013000000000000000e+03,6.000000000000000000e+00
1.000000000000000000e+01,1.789999999999999858e+01,1.783180000000000064e+03,3.000000000000000000e+00,2.496731000000000122e+01,1.215148599999999988e+02,2.013000000000000000e+03,5.000000000000000000e+00
1.100000000000000000e+01,3.479999999999999716e+01,4.052133999999999787e+02,1.000000000000000000e+00,2.497349000000000174e+01,1.215337200000000024e+02,2.013000000000000000e+03,0.000000000000000000e+00
1.200000000000000000e+01,6.299999999999999822e+00,9.045605999999999369e+01,9.000000000000000000e+00,2.497432999999999836e+01,1.215430999999999955e+02,2.013000000000000000e+03,3.000000000000000000e+00
1.300000000000000000e+01,1.300000000000000000e+01,4.922312999999999761e+02,5.000000000000000000e+00,2.496515000000000128e+01,1.215373699999999957e+02,2.012000000000000000e+03,1.100000000000000000e+01
1.400000000000000000e+01,2.039999999999999858e+01,2.469644999999999982e+03,4.000000000000000000e+00,2.496107999999999905e+01,1.215104599999999948e+02,2.012000000000000000e+03,8.000000000000000000e+00
1.500000000000000000e+01,1.319999999999999929e+01,1.164837999999999965e+03,4.000000000000000000e+00,2.499155999999999977e+01,1.215340599999999966e+02,2.013000000000000000e+03,6.000000000000000000e+00
1.600000000000000000e+01,3.570000000000000284e+01,5.792083000000000084e+02,2.000000000000000000e+00,2.498239999999999839e+01,1.215461899999999957e+02,2.013000000000000000e+03,6.000000000000000000e+00
1.700000000000000000e+01,0.000000000000000000e+00,2.929977999999999838e+02,6.000000000000000000e+00,2.497744000000000142e+01,1.215445799999999963e+02,2.013000000000000000e+03,3.000000000000000000e+00
1.800000000000000000e+01,1.769999999999999929e+01,3.508514999999999873e+02,1.000000000000000000e+00,2.497543999999999897e+01,1.215311899999999952e+02,2.012000000000000000e+03,9.000000000000000000e+00
1.900000000000000000e+01,1.689999999999999858e+01,3.681363000000000056e+02,8.000000000000000000e+00,2.496750000000000114e+01,1.215445100000000025e+02,2.013000000000000000e+03,5.000000000000000000e+00
2.000000000000000000e+01,1.500000000000000000e+00,2.338284000000000162e+01,7.000000000000000000e+00,2.496771999999999991e+01,1.215410200000000032e+02,2.012000000000000000e+03,8.000000000000000000e+00
2.100000000000000000e+01,4.500000000000000000e+00,2.275876999999999953e+03,3.000000000000000000e+00,2.496313999999999922e+01,1.215115100000000012e+02,2.013000000000000000e+03,5.000000000000000000e+00
2.200000000000000000e+01,1.050000000000000000e+01,2.791725999999999885e+02,7.000000000000000000e+00,2.497528000000000148e+01,1.215454100000000039e+02,2.013000000000000000e+03,5.000000000000000000e+00
2.300000000000000000e+01,1.469999999999999929e+01,1.360138999999999896e+03,1.000000000000000000e+00,2.495204000000000022e+01,1.215484199999999930e+02,2.012000000000000000e+03,1.100000000000000000e+01
2.400000000000000000e+01,1.009999999999999964e+01,2.791725999999999885e+02,7.000000000000000000e+00,2.497528000000000148e+01,1.215454100000000039e+02,2.013000000000000000e+03,0.000000000000000000e+00
2.500000000000000000e+01,3.960000000000000142e+01,4.806976999999999975e+02,4.000000000000000000e+00,2.497353000000000023e+01,1.215388499999999965e+02,2.013000000000000000e+03,0.000000000000000000e+00
2.600000000000000000e+01,2.930000000000000071e+01,1.487867999999999938e+03,2.000000000000000000e+00,2.497541999999999973e+01,1.215172599999999932e+02,2.013000000000000000e+03,0.000000000000000000e+00
2.700000000000000000e+01,3.100000000000000089e+00,3.838623999999999796e+02,5.000000000000000000e+00,2.498085000000000022e+01,1.215439099999999968e+02,2.012000000000000000e+03,8.000000000000000000e+00
2.800000000000000000e+01,1.040000000000000036e+01,2.764490000000000123e+02,5.000000000000000000e+00,2.495592999999999861e+01,1.215391300000000001e+02,2.013000000000000000e+03,3.000000000000000000e+00
2.900000000000000000e+01,1.919999999999999929e+01,5.574779999999999518e+02,4.000000000000000000e+00,2.497419000000000011e+01,1.215379700000000014e+02,2.013000000000000000e+03,6.000000000000000000e+00
3.000000000000000000e+01,7.099999999999999645e+00,4.512438000000000216e+02,5.000000000000000000e+00,2.497562999999999889e+01,1.215469400000000064e+02,2.013000000000000000e+03,0.000000000000000000e+00
3.100000000000000000e+01,2.589999999999999858e+01,4.519689999999999600e+03,0.000000000000000000e+00,2.494826000000000121e+01,1.214958699999999965e+02,2.013000000000000000e+03,6.000000000000000000e+00
3.200000000000000000e+01,2.960000000000000142e+01,7.694034000000000333e+02,7.000000000000000000e+00,2.498281000000000063e+01,1.215340800000000030e+02,2.012000000000000000e+03,9.000000000000000000e+00
3.300000000000000000e+01,3.789999999999999858e+01,4.885726999999999975e+02,1.000000000000000000e+00,2.497349000000000174e+01,1.215345099999999974e+02,2.012000000000000000e+03,9.000000000000000000e+00
3.400000000000000000e+01,1.650000000000000000e+01,3.236549999999999727e+02,6.000000000000000000e+00,2.497841000000000022e+01,1.215428100000000029e+02,2.013000000000000000e+03,3.000000000000000000e+00
3.500000000000000000e+01,1.540000000000000036e+01,2.053669999999999902e+02,7.000000000000000000e+00,2.498419000000000167e+01,1.215424299999999960e+02,2.012000000000000000e+03,9.000000000000000000e+00
3.600000000000000000e+01,1.390000000000000036e+01,4.079418000000000120e+03,0.000000000000000000e+00,2.501458999999999833e+01,1.215181599999999946e+02,2.013000000000000000e+03,6.000000000000000000e+00
3.700000000000000000e+01,1.469999999999999929e+01,1.935009000000000015e+03,2.000000000000000000e+00,2.496386000000000038e+01,1.215145799999999952e+02,2.012000000000000000e+03,1.100000000000000000e+01
3.800000000000000000e+01,1.200000000000000000e+01,1.360138999999999896e+03,1.000000000000000000e+00,2.495204000000000022e+01,1.215484199999999930e+02,2.013000000000000000e+03,2.000000000000000000e+00
3.900000000000000000e+01,3.100000000000000089e+00,5.779615000000000009e+02,6.000000000000000000e+00,2.497201000000000093e+01,1.215472199999999958e+02,2.012000000000000000e+03,8.000000000000000000e+00
4.000000000000000000e+01,1.619999999999999929e+01,2.893247999999999820e+02,5.000000000000000000e+00,2.498203000000000173e+01,1.215434800000000024e+02,2.013000000000000000e+03,2.000000000000000000e+00
4.100000000000000000e+01,1.359999999999999964e+01,4.082014999999999873e+03,0.000000000000000000e+00,2.494154999999999944e+01,1.215038100000000014e+02,2.013000000000000000e+03,0.000000000000000000e+00
4.200000000000000000e+01,1.680000000000000071e+01,4.066586999999999989e+03,0.000000000000000000e+00,2.494296999999999898e+01,1.215034200000000055e+02,2.013000000000000000e+03,6.000000000000000000e+00
4.300000000000000000e+01,3.610000000000000142e+01,5.194616999999999507e+02,5.000000000000000000e+00,2.496304999999999907e+01,1.215375800000000055e+02,2.013000000000000000e+03,5.000000000000000000e+00
4.400000000000000000e+01,3.439999999999999858e+01,5.127871000000000095e+02,6.000000000000000000e+00,2.498748000000000147e+01,1.215430099999999953e+02,2.012000000000000000e+03,9.000000000000000000e+00
4.500000000000000000e+01,2.700000000000000178e+00,5.334761999999999489e+02,4.000000000000000000e+00,2.497445000000000093e+01,1.215476500000000044e+02,2.013000000000000000e+03,6.000000000000000000e+00
4.600000000000000000e+01,3.660000000000000142e+01,4.888192999999999984e+02,8.000000000000000000e+00,2.497015000000000029e+01,1.215449399999999969e+02,2.013000000000000000e+03,0.000000000000000000e+00
4.700000000000000000e+01,2.169999999999999929e+01,4.639623000000000275e+02,9.000000000000000000e+00,2.497030000000000172e+01,1.215445799999999963e+02,2.013000000000000000e+03,5.000000000000000000e+00
4.800000000000000000e+01,3.589999999999999858e+01,6.407391000000000076e+02,3.000000000000000000e+00,2.497562999999999889e+01,1.215371499999999969e+02,2.013000000000000000e+03,6.000000000000000000e+00
4.900000000000000000e+01,2.419999999999999929e+01,4.605748999999999796e+03,0.000000000000000000e+00,2.494684000000000168e+01,1.214957799999999963e+02,2.013000000000000000e+03,5.000000000000000000e+00
5.000000000000000000e+01,2.939999999999999858e+01,4.510359000000000378e+03,1.000000000000000000e+00,2.494924999999999926e+01,1.214954199999999958e+02,2.012000000000000000e+03,8.000000000000000000e+00
5.100000000000000000e+01,2.169999999999999929e+01,5.125487000000000535e+02,4.000000000000000000e+00,2.497400000000000020e+01,1.215384200000000021e+02,2.013000000000000000e+03,5.000000000000000000e+00
5.200000000000000000e+01,3.130000000000000071e+01,1.758405999999999949e+03,1.000000000000000000e+00,2.495401999999999987e+01,1.215528199999999970e+02,2.013000000000000000e+03,0.000000000000000000e+00
5.300000000000000000e+01,3.210000000000000142e+01,1.438578999999999951e+03,3.000000000000000000e+00,2.497419000000000011e+01,1.215174999999999983e+02,2.013000000000000000e+03,6.000000000000000000e+00
5.400000000000000000e+01,1.330000000000000071e+01,4.922312999999999761e+02,5.000000000000000000e+00,2.496515000000000128e+01,1.215373699999999957e+02,2.013000000000000000e+03,0.000000000000000000e+00
5.500000000000000000e+01,1.610000000000000142e+01,2.893247999999999820e+02,5.000000000000000000e+00,2.498203000000000173e+01,1.215434800000000024e+02,2.013000000000000000e+03,0.000000000000000000e+00
5.600000000000000000e+01,3.169999999999999929e+01,1.160632000000000062e+03,0.000000000000000000e+00,2.494968000000000075e+01,1.215300900000000013e+02,2.012000000000000000e+03,9.000000000000000000e+00
5.700000000000000000e+01,3.360000000000000142e+01,3.712495000000000118e+02,8.000000000000000000e+00,2.497253999999999863e+01,1.215405899999999946e+02,2.013000000000000000e+03,5.000000000000000000e+00
5.800000000000000000e+01,3.500000000000000000e+00,5.647424999999999784e+01,7.000000000000000000e+00,2.495743999999999829e+01,1.215371099999999984e+02,2.012000000000000000e+03,1.100000000000000000e+01
5.900000000000000000e+01,3.030000000000000071e+01,4.510359000000000378e+03,1.000000000000000000e+00,2.494924999999999926e+01,1.214954199999999958e+02,2.013000000000000000e+03,6.000000000000000000e+00
6.000000000000000000e+01,1.330000000000000071e+01,3.360532000000000039e+02,5.000000000000000000e+00,2.495776000000000039e+01,1.215343799999999987e+02,2.013000000000000000e+03,0.000000000000000000e+00
6.100000000000000000e+01,1.100000000000000000e+01,1.931207000000000107e+03,2.000000000000000000e+00,2.496365000000000123e+01,1.215147099999999938e+02,2.013000000000000000e+03,5.000000000000000000e+00
6.200000000000000000e+01,5.299999999999999822e+00,2.596607000000000198e+02,6.000000000000000000e+00,2.497585000000000122e+01,1.215451599999999956e+02,2.013000000000000000e+03,6.000000000000000000e+00
6.300000000000000000e+01,1.719999999999999929e+01,2.175876999999999953e+03,3.000000000000000000e+00,2.496302999999999983e+01,1.215125400000000013e+02,2.012000000000000000e+03,1.100000000000000000e+01
6.400000000000000000e+01,2.600000000000000089e+00,5.334761999999999489e+02,4.000000000000000000e+00,2.497445000000000093e+01,1.215476500000000044e+02,2.013000000000000000e+03,6.000000000000000000e+00
6.500000000000000000e+01,1.750000000000000000e+01,9.957554000000000087e+02,0.000000000000000000e+00,2.496304999999999907e+01,1.215491499999999974e+02,2.013000000000000000e+03,3.000000000000000000e+00
6.600000000000000000e+01,4.010000000000000142e+01,1.237429000000000059e+02,8.000000000000000000e+00,2.497635000000000005e+01,1.215432899999999989e+02,2.013000000000000000e+03,5.000000000000000000e+00
6.700000000000000000e+01,1.000000000000000000e+00,1.935844999999999914e+02,6.000000000000000000e+00,2.496571000000000140e+01,1.215408900000000045e+02,2.013000000000000000e+03,0.000000000000000000e+00
6.800000000000000000e+01,8.500000000000000000e+00,1.048101000000000056e+02,5.000000000000000000e+00,2.496674000000000149e+01,1.215406700000000058e+02,2.013000000000000000e+03,6.000000000000000000e+00
6.900000000000000000e+01,3.039999999999999858e+01,4.642230000000000132e+02,6.000000000000000000e+00,2.497963999999999984e+01,1.215380499999999984e+02,2.013000000000000000e+03,5.000000000000000000e+00
7.000000000000000000e+01,1.250000000000000000e+01,5.619845000000000255e+02,5.000000000000000000e+00,2.498745999999999867e+01,1.215439099999999968e+02,2.012000000000000000e+03,9.000000000000000000e+00
7.100000000000000000e+01,6.599999999999999645e+00,9.045605999999999369e+01,9.000000000000000000e+00,2.497432999999999836e+01,1.215430999999999955e+02,2.013000000000000000e+03,6.000000000000000000e+00
7.200000000000000000e+01,3.550000000000000000e+01,6.407391000000000076e+02,3.000000000000000000e+00,2.497562999999999889e+01,1.215371499999999969e+02,2.013000000000000000e+03,0.000000000000000000e+00
7.300000000000000000e+01,3.250000000000000000e+01,4.245441999999999894e+02,8.000000000000000000e+00,2.497587000000000046e+01,1.215391300000000001e+02,2.013000000000000000e+03,6.000000000000000000e+00
7.400000000000000000e+01,1.380000000000000071e+01,4.082014999999999873e+03,0.000000000000000000e+00,2.494154999999999944e+01,1.215038100000000014e+02,2.013000000000000000e+03,2.000000000000000000e+00
7.500000000000000000e+01,6.799999999999999822e+00,3.795575000000000045e+02,1.000000000000000000e+01,2.498342999999999847e+01,1.215376200000000040e+02,2.012000000000000000e+03,1.100000000000000000e+01
7.600000000000000000e+01,1.230000000000000071e+01,1.360138999999999896e+03,1.000000000000000000e+00,2.495204000000000022e+01,1.215484199999999930e+02,2.013000000000000000e+03,6.000000000000000000e+00
7.700000000000000000e+01,3.589999999999999858e+01,6.164003999999999905e+02,3.000000000000000000e+00,2.497722999999999871e+01,1.215376700000000056e+02,2.013000000000000000e+03,6.000000000000000000e+00
7.800000000000000000e+01,2.050000000000000000e+01,2.185128000000000156e+03,3.000000000000000000e+00,2.496321999999999974e+01,1.215123700000000042e+02,2.012000000000000000e+03,9.000000000000000000e+00
7.900000000000000000e+01,3.820000000000000284e+01,5.524370999999999867e+02,2.000000000000000000e+00,2.497597999999999985e+01,1.215338100000000026e+02,2.012000000000000000e+03,1.100000000000000000e+01
8.000000000000000000e+01,1.800000000000000000e+01,1.414836999999999989e+03,1.000000000000000000e+00,2.495182000000000144e+01,1.215488699999999938e+02,2.013000000000000000e+03,0.000000000000000000e+00
8.100000000000000000e+01,1.180000000000000071e+01,5.334761999999999489e+02,4.000000000000000000e+00,2.497445000000000093e+01,1.215476500000000044e+02,2.013000000000000000e+03,6.000000000000000000e+00
8.200000000000000000e+01,3.080000000000000071e+01,3.777955999999999790e+02,6.000000000000000000e+00,2.496426999999999907e+01,1.215396400000000057e+02,2.013000000000000000e+03,0.000000000000000000e+00
8.300000000000000000e+01,1.319999999999999929e+01,1.509346999999999923e+02,7.000000000000000000e+00,2.496724999999999994e+01,1.215425199999999961e+02,2.013000000000000000e+03,0.000000000000000000e+00
8.400000000000000000e+01,2.530000000000000071e+01,2.707391999999999825e+03,3.000000000000000000e+00,2.496056000000000097e+01,1.215083099999999945e+02,2.012000000000000000e+03,1.100000000000000000e+01
8.500000000000000000e+01,1.509999999999999964e+01,3.832805000000000177e+02,7.000000000000000000e+00,2.496734999999999971e+01,1.215446400000000011e+02,2.013000000000000000e+03,0.000000000000000000e+00
8.600000000000000000e+01,0.000000000000000000e+00,3.389678999999999860e+02,9.000000000000000000e+00,2.496853000000000122e+01,1.215441299999999956e+02,2.012000000000000000e+03,9.000000000000000000e+00
8.700000000000000000e+01,1.800000000000000044e+00,1.455798000000000002e+03,1.000000000000000000e+00,2.495120000000000005e+01,1.215490000000000066e+02,2.012000000000000000e+03,9.000000000000000000e+00
8.800000000000000000e+01,1.689999999999999858e+01,4.066586999999999989e+03,0.000000000000000000e+00,2.494296999999999898e+01,1.215034200000000055e+02,2.013000000000000000e+03,6.000000000000000000e+00
8.900000000000000000e+01,8.900000000000000355e+00,1.406430000000000064e+03,0.000000000000000000e+00,2.498573000000000022e+01,1.215275800000000004e+02,2.012000000000000000e+03,1.100000000000000000e+01
9.000000000000000000e+01,2.300000000000000000e+01,3.947945000000000164e+03,0.000000000000000000e+00,2.494782999999999973e+01,1.215024300000000039e+02,2.013000000000000000e+03,6.000000000000000000e+00
9.100000000000000000e+01,0.000000000000000000e+00,2.740144000000000233e+02,1.000000000000000000e+00,2.497479999999999833e+01,1.215305900000000037e+02,2.012000000000000000e+03,9.000000000000000000e+00
9.200000000000000000e+01,9.099999999999999645e+00,1.402016000000000076e+03,0.000000000000000000e+00,2.498569000000000173e+01,1.215276000000000067e+02,2.013000000000000000e+03,3.000000000000000000e+00
9.300000000000000000e+01,2.060000000000000142e+01,2.469644999999999982e+03,4.000000000000000000e+00,2.496107999999999905e+01,1.215104599999999948e+02,2.012000000000000000e+03,1.100000000000000000e+01
9.400000000000000000e+01,3.189999999999999858e+01,1.146328999999999951e+03,0.000000000000000000e+00,2.494920000000000115e+01,1.215307600000000008e+02,2.012000000000000000e+03,1.100000000000000000e+01
9.500000000000000000e+01,4.089999999999999858e+01,1.675988999999999862e+02,5.000000000000000000e+00,2.496630000000000038e+01,1.215402600000000035e+02,2.012000000000000000e+03,1.100000000000000000e+01
9.600000000000000000e+01,8.000000000000000000e+00,1.048101000000000056e+02,5.000000000000000000e+00,2.496674000000000149e+01,1.215406700000000058e+02,2.012000000000000000e+03,1.100000000000000000e+01
9.700000000000000000e+01,6.400000000000000355e+00,9.045605999999999369e+01,9.000000000000000000e+00,2.497432999999999836e+01,1.215430999999999955e+02,2.013000000000000000e+03,5.000000000000000000e+00
9.800000000000000000e+01,2.839999999999999858e+01,6.174424000000000206e+02,3.000000000000000000e+00,2.497746000000000066e+01,1.215329899999999981e+02,2.013000000000000000e+03,0.000000000000000000e+00
9.900000000000000000e+01,1.639999999999999858e+01,2.893247999999999820e+02,5.000000000000000000e+00,2.498203000000000173e+01,1.215434800000000024e+02,2.013000000000000000e+03,5.000000000000000000e+00
1.000000000000000000e+02,6.400000000000000355e+00,9.045605999999999369e+01,9.000000000000000000e+00,2.497432999999999836e+01,1.215430999999999955e+02,2.013000000000000000e+03,5.000000000000000000e+00
1.010000000000000000e+02,1.750000000000000000e+01,9.647495999999999867e+02,4.000000000000000000e+00,2.498872000000000071e+01,1.215341099999999983e+02,2.013000000000000000e+03,6.000000000000000000e+00
1.020000000000000000e+02,1.269999999999999929e+01,1.701288999999999874e+02,1.000000000000000000e+00,2.497371000000000052e+01,1.215298399999999930e+02,2.012000000000000000e+03,9.000000000000000000e+00
1.030000000000000000e+02,1.100000000000000089e+00,1.935844999999999914e+02,6.000000000000000000e+00,2.496571000000000140e+01,1.215408900000000045e+02,2.013000000000000000e+03,0.000000000000000000e+00
1.040000000000000000e+02,0.000000000000000000e+00,2.083905000000000030e+02,6.000000000000000000e+00,2.495617999999999981e+01,1.215384399999999943e+02,2.012000000000000000e+03,9.000000000000000000e+00
1.050000000000000000e+02,3.270000000000000284e+01,3.924458999999999946e+02,6.000000000000000000e+00,2.496397999999999939e+01,1.215425000000000040e+02,2.012000000000000000e+03,8.000000000000000000e+00
1.060000000000000000e+02,0.000000000000000000e+00,2.929977999999999838e+02,6.000000000000000000e+00,2.497744000000000142e+01,1.215445799999999963e+02,2.012000000000000000e+03,9.000000000000000000e+00
1.070000000000000000e+02,1.719999999999999929e+01,1.895181000000000040e+02,8.000000000000000000e+00,2.497707000000000122e+01,1.215430800000000033e+02,2.013000000000000000e+03,0.000000000000000000e+00
1.080000000000000000e+02,1.219999999999999929e+01,1.360138999999999896e+03,1.000000000000000000e+00,2.495204000000000022e+01,1.215484199999999930e+02,2.013000000000000000e+03,3.000000000000000000e+00
1.090000000000000000e+02,3.139999999999999858e+01,5.925005999999999631e+02,2.000000000000000000e+00,2.497259999999999991e+01,1.215356100000000055e+02,2.013000000000000000e+03,5.000000000000000000e+00
1.100000000000000000e+02,4.000000000000000000e+00,2.147376000000000204e+03,3.000000000000000000e+00,2.496299000000000134e+01,1.215128399999999971e+02,2.013000000000000000e+03,6.000000000000000000e+00
1.110000000000000000e+02,8.099999999999999645e+00,1.048101000000000056e+02,5.000000000000000000e+00,2.496674000000000149e+01,1.215406700000000058e+02,2.013000000000000000e+03,0.000000000000000000e+00
1.120000000000000000e+02,3.329999999999999716e+01,1.966171999999999969e+02,7.000000000000000000e+00,2.497700999999999993e+01,1.215422400000000067e+02,2.013000000000000000e+03,6.000000000000000000e+00
1.130000000000000000e+02,9.900000000000000355e+00,2.102427000000000135e+03,3.000000000000000000e+00,2.496043999999999841e+01,1.215146199999999936e+02,2.013000000000000000e+03,5.000000000000000000e+00
1.140000000000000000e+02,1.480000000000000071e+01,3.932606000000000108e+02,6.000000000000000000e+00,2.496171999999999969e+01,1.215381200000000064e+02,2.013000000000000000e+03,3.000000000000000000e+00
1.150000000000000000e+02,3.060000000000000142e+01,1.438383000000000038e+02,8.000000000000000000e+00,2.498154999999999859e+01,1.215414200000000022e+02,2.012000000000000000e+03,8.000000000000000000e+00
1.160000000000000000e+02,2.060000000000000142e+01,7.379161000000000286e+02,2.000000000000000000e+00,2.498092000000000112e+01,1.215473899999999929e+02,2.013000000000000000e+03,0.000000000000000000e+00
1.170000000000000000e+02,3.089999999999999858e+01,6.396283000000000357e+03,1.000000000000000000e+00,2.494375000000000142e+01,1.214788300000000021e+02,2.013000000000000000e+03,0.000000000000000000e+00
1.180000000000000000e+02,1.359999999999999964e+01,4.197349000000000160e+03,0.000000000000000000e+00,2.493884999999999863e+01,1.215038299999999936e+02,2.013000000000000000e+03,0.000000000000000000e+00
1.190000000000000000e+02,2.530000000000000071e+01,1.583721999999999980e+03,3.000000000000000000e+00,2.496621999999999986e+01,1.215170899999999961e+02,2.013000000000000000e+03,6.000000000000000000e+00
1.200000000000000000e+02,1.660000000000000142e+01,2.893247999999999820e+02,5.000000000000000000e+00,2.498203000000000173e+01,1.215434800000000024e+02,2.013000000000000000e+03,6.000000000000000000e+00
1.210000000000000000e+02,1.330000000000000071e+01,4.922312999999999761e+02,5.000000000000000000e+00,2.496515000000000128e+01,1.215373699999999957e+02,2.013000000000000000e+03,2.000000000000000000e+00
1.220000000000000000e+02,1.359999999999999964e+01,4.922312999999999761e+02,5.000000000000000000e+00,2.496515000000000128e+01,1.215373699999999957e+02,2.013000000000000000e+03,6.000000000000000000e+00
1.230000000000000000e+02,3.150000000000000000e+01,4.149476000000000226e+02,4.000000000000000000e+00,2.498198999999999970e+01,1.215446400000000011e+02,2.013000000000000000e+03,3.000000000000000000e+00
1.240000000000000000e+02,0.000000000000000000e+00,1.854295999999999935e+02,0.000000000000000000e+00,2.497109999999999985e+01,1.215317000000000007e+02,2.013000000000000000e+03,5.000000000000000000e+00
1.250000000000000000e+02,9.900000000000000355e+00,2.791725999999999885e+02,7.000000000000000000e+00,2.497528000000000148e+01,1.215454100000000039e+02,2.012000000000000000e+03,1.100000000000000000e+01
1.260000000000000000e+02,1.100000000000000089e+00,1.935844999999999914e+02,6.000000000000000000e+00,2.496571000000000140e+01,1.215408900000000045e+02,2.013000000000000000e+03,2.000000000000000000e+00
1.270000000000000000e+02,3.860000000000000142e+01,8.046897000000000162e+02,4.000000000000000000e+00,2.497838000000000136e+01,1.215347699999999946e+02,2.013000000000000000e+03,0.000000000000000000e+00
1.280000000000000000e+02,3.799999999999999822e+00,3.838623999999999796e+02,5.000000000000000000e+00,2.498085000000000022e+01,1.215439099999999968e+02,2.013000000000000000e+03,3.000000000000000000e+00
1.290000000000000000e+02,4.129999999999999716e+01,1.249912000000000063e+02,6.000000000000000000e+00,2.496674000000000149e+01,1.215403900000000021e+02,2.013000000000000000e+03,0.000000000000000000e+00
1.300000000000000000e+02,3.850000000000000000e+01,2.168328999999999951e+02,7.000000000000000000e+00,2.498085999999999984e+01,1.215416199999999947e+02,2.013000000000000000e+03,5.000000000000000000e+00
1.310000000000000000e+02,2.960000000000000142e+01,5.355270000000000437e+02,8.000000000000000000e+00,2.498092000000000112e+01,1.215365299999999991e+02,2.013000000000000000e+03,3.000000000000000000e+00
1.320000000000000000e+02,4.000000000000000000e+00,2.147376000000000204e+03,3.000000000000000000e+00,2.496299000000000134e+01,1.215128399999999971e+02,2.013000000000000000e+03,6.000000000000000000e+00
1.330000000000000000e+02,2.660000000000000142e+01,4.827581000000000131e+02,5.000000000000000000e+00,2.497432999999999836e+01,1.215386299999999977e+02,2.013000000000000000e+03,2.000000000000000000e+00
1.340000000000000000e+02,1.800000000000000000e+01,3.733937000000000239e+02,8.000000000000000000e+00,2.498659999999999926e+01,1.215408199999999965e+02,2.012000000000000000e+03,9.000000000000000000e+00
1.350000000000000000e+02,3.339999999999999858e+01,1.869686000000000092e+02,6.000000000000000000e+00,2.496603999999999957e+01,1.215421099999999939e+02,2.012000000000000000e+03,8.000000000000000000e+00
1.360000000000000000e+02,1.889999999999999858e+01,1.009235000000000014e+03,0.000000000000000000e+00,2.496357000000000070e+01,1.215495099999999979e+02,2.012000000000000000e+03,1.100000000000000000e+01
1.370000000000000000e+02,1.140000000000000036e+01,3.905683999999999969e+02,5.000000000000000000e+00,2.497936999999999941e+01,1.215424500000000023e+02,2.012000000000000000e+03,9.000000000000000000e+00
1.380000000000000000e+02,1.359999999999999964e+01,3.190708000000000197e+02,6.000000000000000000e+00,2.496495000000000175e+01,1.215427700000000044e+02,2.013000000000000000e+03,6.000000000000000000e+00
1.390000000000000000e+02,1.000000000000000000e+01,9.424664000000000215e+02,0.000000000000000000e+00,2.497842999999999947e+01,1.215240600000000057e+02,2.013000000000000000e+03,2.000000000000000000e+00
1.400000000000000000e+02,1.290000000000000036e+01,4.922312999999999761e+02,5.000000000000000000e+00,2.496515000000000128e+01,1.215373699999999957e+02,2.012000000000000000e+03,8.000000000000000000e+00
1.410000000000000000e+02,1.619999999999999929e+01,2.893247999999999820e+02,5.000000000000000000e+00,2.498203000000000173e+01,1.215434800000000024e+02,2.013000000000000000e+03,3.000000000000000000e+00
1.420000000000000000e+02,5.099999999999999645e+00,1.559826999999999998e+03,3.000000000000000000e+00,2.497212999999999994e+01,1.215162700000000058e+02,2.013000000000000000e+03,3.000000000000000000e+00
1.430000000000000000e+02,1.980000000000000071e+01,6.406070999999999458e+02,5.000000000000000000e+00,2.497016999999999953e+01,1.215464699999999993e+02,2.013000000000000000e+03,5.000000000000000000e+00
1.440000000000000000e+02,1.359999999999999964e+01,4.922312999999999761e+02,5.000000000000000000e+00,2.496515000000000128e+01,1.215373699999999957e+02,2.013000000000000000e+03,6.000000000000000000e+00
1.450000000000000000e+02,1.190000000000000036e+01,1.360138999999999896e+03,1.000000000000000000e+00,2.495204000000000022e+01,1.215484199999999930e+02,2.013000000000000000e+03,0.000000000000000000e+00
1.460000000000000000e+02,2.100000000000000089e+00,4.512438000000000216e+02,5.000000000000000000e+00,2.497562999999999889e+01,1.215469400000000064e+02,2.012000000000000000e+03,1.100000000000000000e+01
1.470000000000000000e+02,0.000000000000000000e+00,1.854295999999999935e+02,0.000000000000000000e+00,2.497109999999999985e+01,1.215317000000000007e+02,2.012000000000000000e+03,9.000000000000000000e+00
1.480000000000000000e+02,3.200000000000000178e+00,4.898820999999999799e+02,8.000000000000000000e+00,2.497016999999999953e+01,1.215449399999999969e+02,2.012000000000000000e+03,9.000000000000000000e+00
1.490000000000000000e+02,1.639999999999999858e+01,3.780590000000000146e+03,0.000000000000000000e+00,2.493292999999999893e+01,1.215120299999999958e+02,2.013000000000000000e+03,6.000000000000000000e+00
1.500000000000000000e+02,3.489999999999999858e+01,1.794538000000000011e+02,8.000000000000000000e+00,2.497349000000000174e+01,1.215424500000000023e+02,2.012000000000000000e+03,8.000000000000000000e+00
1.510000000000000000e+02,3.579999999999999716e+01,1.707310999999999979e+02,7.000000000000000000e+00,2.496718999999999866e+01,1.215426899999999932e+02,2.013000000000000000e+03,3.000000000000000000e+00
1.520000000000000000e+02,4.900000000000000355e+00,3.877721000000000231e+02,9.000000000000000000e+00,2.498117999999999839e+01,1.215378800000000012e+02,2.013000000000000000e+03,6.000000000000000000e+00
1.530000000000000000e+02,1.200000000000000000e+01,1.360138999999999896e+03,1.000000000000000000e+00,2.495204000000000022e+01,1.215484199999999930e+02,2.013000000000000000e+03,3.000000000000000000e+00
1.540000000000000000e+02,6.500000000000000000e+00,3.761709000000000174e+02,6.000000000000000000e+00,2.495418000000000092e+01,1.215371300000000048e+02,2.013000000000000000e+03,3.000000000000000000e+00
1.550000000000000000e+02,1.689999999999999858e+01,4.066586999999999989e+03,0.000000000000000000e+00,2.494296999999999898e+01,1.215034200000000055e+02,2.013000000000000000e+03,6.000000000000000000e+00
1.560000000000000000e+02,1.380000000000000071e+01,4.082014999999999873e+03,0.000000000000000000e+00,2.494154999999999944e+01,1.215038100000000014e+02,2.013000000000000000e+03,2.000000000000000000e+00
1.570000000000000000e+02,3.069999999999999929e+01,1.264730000000000018e+03,0.000000000000000000e+00,2.494883000000000095e+01,1.215295399999999972e+02,2.013000000000000000e+03,6.000000000000000000e+00
1.580000000000000000e+02,1.610000000000000142e+01,8.159314000000000533e+02,4.000000000000000000e+00,2.497886000000000095e+01,1.215346399999999960e+02,2.013000000000000000e+03,3.000000000000000000e+00
1.590000000000000000e+02,1.159999999999999964e+01,3.905683999999999969e+02,5.000000000000000000e+00,2.497936999999999941e+01,1.215424500000000023e+02,2.013000000000000000e+03,0.000000000000000000e+00
1.600000000000000000e+02,1.550000000000000000e+01,8.159314000000000533e+02,4.000000000000000000e+00,2.497886000000000095e+01,1.215346399999999960e+02,2.012000000000000000e+03,8.000000000000000000e+00
1.610000000000000000e+02,3.500000000000000000e+00,4.966105000000000302e+01,8.000000000000000000e+00,2.495835999999999899e+01,1.215375599999999991e+02,2.012000000000000000e+03,1.100000000000000000e+01
1.620000000000000000e+02,1.919999999999999929e+01,6.164003999999999905e+02,3.000000000000000000e+00,2.497722999999999871e+01,1.215376700000000056e+02,2.013000000000000000e+03,5.000000000000000000e+00
1.630000000000000000e+02,1.600000000000000000e+01,4.066586999999999989e+03,0.000000000000000000e+00,2.494296999999999898e+01,1.215034200000000055e+02,2.012000000000000000e+03,9.000000000000000000e+00
1.640000000000000000e+02,8.500000000000000000e+00,1.048101000000000056e+02,5.000000000000000000e+00,2.496674000000000149e+01,1.215406700000000058e+02,2.013000000000000000e+03,6.000000000000000000e+00
1.650000000000000000e+02,0.000000000000000000e+00,1.854295999999999935e+02,0.000000000000000000e+00,2.497109999999999985e+01,1.215317000000000007e+02,2.012000000000000000e+03,9.000000000000000000e+00
1.660000000000000000e+02,1.369999999999999929e+01,1.236564000000000078e+03,1.000000000000000000e+00,2.497693999999999903e+01,1.215539100000000019e+02,2.012000000000000000e+03,1.100000000000000000e+01
1.670000000000000000e+02,0.000000000000000000e+00,2.929977999999999838e+02,6.000000000000000000e+00,2.497744000000000142e+01,1.215445799999999963e+02,2.013000000000000000e+03,5.000000000000000000e+00
1.680000000000000000e+02,2.819999999999999929e+01,3.300853999999999928e+02,8.000000000000000000e+00,2.497408000000000072e+01,1.215401099999999985e+02,2.013000000000000000e+03,5.000000000000000000e+00
1.690000000000000000e+02,2.760000000000000142e+01,5.151122000000000298e+02,5.000000000000000000e+00,2.496299000000000134e+01,1.215431999999999988e+02,2.013000000000000000e+03,0.000000000000000000e+00
1.700000000000000000e+02,8.400000000000000355e+00,1.962627999999999929e+03,1.000000000000000000e+00,2.495467999999999975e+01,1.215548100000000034e+02,2.013000000000000000e+03,5.000000000000000000e+00
1.710000000000000000e+02,2.400000000000000000e+01,4.527686999999999898e+03,0.000000000000000000e+00,2.494741000000000142e+01,1.214962799999999987e+02,2.013000000000000000e+03,3.000000000000000000e+00
1.720000000000000000e+02,3.600000000000000089e+00,3.838623999999999796e+02,5.000000000000000000e+00,2.498085000000000022e+01,1.215439099999999968e+02,2.013000000000000000e+03,0.000000000000000000e+00
1.730000000000000000e+02,6.599999999999999645e+00,9.045605999999999369e+01,9.000000000000000000e+00,2.497432999999999836e+01,1.215430999999999955e+02,2.013000000000000000e+03,6.000000000000000000e+00
1.740000000000000000e+02,4.129999999999999716e+01,4.018806999999999903e+02,4.000000000000000000e+00,2.498326000000000136e+01,1.215446000000000026e+02,2.013000000000000000e+03,0.000000000000000000e+00
1.750000000000000000e+02,4.299999999999999822e+00,4.320384999999999991e+02,7.000000000000000000e+00,2.498049999999999926e+01,1.215377799999999979e+02,2.013000000000000000e+03,5.000000000000000000e+00
1.760000000000000000e+02,3.019999999999999929e+01,4.721745000000000232e+02,3.000000000000000000e+00,2.497005000000000052e+01,1.215375800000000055e+02,2.013000000000000000e+03,0.000000000000000000e+00
1.770000000000000000e+02,1.390000000000000036e+01,4.573779000000000451e+03,0.000000000000000000e+00,2.494866999999999990e+01,1.214950699999999983e+02,2.012000000000000000e+03,9.000000000000000000e+00
1.780000000000000000e+02,3.300000000000000000e+01,1.810766000000000133e+02,9.000000000000000000e+00,2.497697000000000145e+01,1.215426199999999994e+02,2.013000000000000000e+03,0.000000000000000000e+00
1.790000000000000000e+02,1.309999999999999964e+01,1.144435999999999922e+03,4.000000000000000000e+00,2.499175999999999931e+01,1.215345599999999990e+02,2.013000000000000000e+03,6.000000000000000000e+00
1.800000000000000000e+02,1.400000000000000000e+01,4.388512999999999806e+02,1.000000000000000000e+00,2.497493000000000052e+01,1.215272999999999968e+02,2.013000000000000000e+03,0.000000000000000000e+00
1.810000000000000000e+02,2.689999999999999858e+01,4.449270000000000437e+03,0.000000000000000000e+00,2.494897999999999882e+01,1.214962100000000049e+02,2.012000000000000000e+03,8.000000000000000000e+00
1.820000000000000000e+02,1.159999999999999964e+01,2.018939000000000021e+02,8.000000000000000000e+00,2.498489000000000004e+01,1.215412100000000066e+02,2.013000000000000000e+03,2.000000000000000000e+00
1.830000000000000000e+02,1.350000000000000000e+01,2.147376000000000204e+03,3.000000000000000000e+00,2.496299000000000134e+01,1.215128399999999971e+02,2.013000000000000000e+03,6.000000000000000000e+00
1.840000000000000000e+02,1.700000000000000000e+01,4.082014999999999873e+03,0.000000000000000000e+00,2.494154999999999944e+01,1.215038100000000014e+02,2.013000000000000000e+03,6.000000000000000000e+00
1.850000000000000000e+02,1.409999999999999964e+01,2.615465000000000146e+03,0.000000000000000000e+00,2.495495000000000019e+01,1.215617400000000004e+02,2.012000000000000000e+03,9.000000000000000000e+00
1.860000000000000000e+02,3.139999999999999858e+01,1.447286000000000058e+03,3.000000000000000000e+00,2.497285000000000110e+01,1.215173000000000059e+02,2.012000000000000000e+03,9.000000000000000000e+00
1.870000000000000000e+02,2.089999999999999858e+01,2.185128000000000156e+03,3.000000000000000000e+00,2.496321999999999974e+01,1.215123700000000042e+02,2.013000000000000000e+03,2.000000000000000000e+00
1.880000000000000000e+02,8.900000000000000355e+00,3.078175999999999931e+03,0.000000000000000000e+00,2.495464000000000127e+01,1.215662700000000029e+02,2.013000000000000000e+03,0.000000000000000000e+00
1.890000000000000000e+02,3.479999999999999716e+01,1.900391999999999939e+02,8.000000000000000000e+00,2.497707000000000122e+01,1.215431200000000018e+02,2.012000000000000000e+03,1.100000000000000000e+01
1.900000000000000000e+02,1.630000000000000071e+01,4.066586999999999989e+03,0.000000000000000000e+00,2.494296999999999898e+01,1.215034200000000055e+02,2.012000000000000000e+03,1.100000000000000000e+01
1.910000000000000000e+02,3.529999999999999716e+01,6.165734999999999673e+02,8.000000000000000000e+00,2.497944999999999993e+01,1.215364200000000068e+02,2.013000000000000000e+03,6.000000000000000000e+00
1.920000000000000000e+02,1.319999999999999929e+01,7.500703999999999496e+02,2.000000000000000000e+00,2.497371000000000052e+01,1.215495099999999979e+02,2.013000000000000000e+03,2.000000000000000000e+00
1.930000000000000000e+02,4.379999999999999716e+01,5.758944999999999936e+01,7.000000000000000000e+00,2.496750000000000114e+01,1.215406899999999979e+02,2.013000000000000000e+03,2.000000000000000000e+00
1.940000000000000000e+02,9.699999999999999289e+00,4.214789999999999850e+02,5.000000000000000000e+00,2.498245999999999967e+01,1.215447699999999998e+02,2.013000000000000000e+03,5.000000000000000000e+00
1.950000000000000000e+02,1.519999999999999929e+01,3.771894999999999982e+03,0.000000000000000000e+00,2.493363000000000085e+01,1.215115799999999950e+02,2.013000000000000000e+03,6.000000000000000000e+00
1.960000000000000000e+02,1.519999999999999929e+01,4.611016000000000190e+02,5.000000000000000000e+00,2.495424999999999827e+01,1.215399000000000029e+02,2.013000000000000000e+03,3.000000000000000000e+00
1.970000000000000000e+02,2.280000000000000071e+01,7.079067000000000007e+02,2.000000000000000000e+00,2.498100000000000165e+01,1.215471299999999957e+02,2.013000000000000000e+03,0.000000000000000000e+00
1.980000000000000000e+02,3.439999999999999858e+01,1.267286000000000001e+02,8.000000000000000000e+00,2.496881000000000128e+01,1.215408900000000045e+02,2.013000000000000000e+03,3.000000000000000000e+00
1.990000000000000000e+02,3.400000000000000000e+01,1.576051999999999964e+02,7.000000000000000000e+00,2.496628000000000114e+01,1.215419600000000031e+02,2.013000000000000000e+03,0.000000000000000000e+00
2.000000000000000000e+02,1.819999999999999929e+01,4.516419000000000210e+02,8.000000000000000000e+00,2.496944999999999837e+01,1.215448999999999984e+02,2.013000000000000000e+03,5.000000000000000000e+00
2.010000000000000000e+02,1.739999999999999858e+01,9.957554000000000087e+02,0.000000000000000000e+00,2.496304999999999907e+01,1.215491499999999974e+02,2.013000000000000000e+03,5.000000000000000000e+00
2.020000000000000000e+02,1.309999999999999964e+01,5.619845000000000255e+02,5.000000000000000000e+00,2.498745999999999867e+01,1.215439099999999968e+02,2.013000000000000000e+03,5.000000000000000000e+00
2.030000000000000000e+02,3.829999999999999716e+01,6.426984999999999673e+02,3.000000000000000000e+00,2.497559000000000040e+01,1.215371300000000048e+02,2.012000000000000000e+03,1.100000000000000000e+01
2.040000000000000000e+02,1.559999999999999964e+01,2.893247999999999820e+02,5.000000000000000000e+00,2.498203000000000173e+01,1.215434800000000024e+02,2.012000000000000000e+03,8.000000000000000000e+00
2.050000000000000000e+02,1.800000000000000000e+01,1.414836999999999989e+03,1.000000000000000000e+00,2.495182000000000144e+01,1.215488699999999938e+02,2.013000000000000000e+03,0.000000000000000000e+00
2.060000000000000000e+02,1.280000000000000071e+01,1.449721999999999980e+03,3.000000000000000000e+00,2.497288999999999959e+01,1.215172799999999995e+02,2.013000000000000000e+03,0.000000000000000000e+00
2.070000000000000000e+02,2.219999999999999929e+01,3.795575000000000045e+02,1.000000000000000000e+01,2.498342999999999847e+01,1.215376200000000040e+02,2.013000000000000000e+03,3.000000000000000000e+00
2.080000000000000000e+02,3.850000000000000000e+01,6.650635999999999513e+02,3.000000000000000000e+00,2.497503000000000029e+01,1.215369199999999950e+02,2.013000000000000000e+03,0.000000000000000000e+00
2.090000000000000000e+02,1.150000000000000000e+01,1.360138999999999896e+03,1.000000000000000000e+00,2.495204000000000022e+01,1.215484199999999930e+02,2.012000000000000000e+03,9.000000000000000000e+00
2.100000000000000000e+02,3.479999999999999716e+01,1.756294000000000040e+02,8.000000000000000000e+00,2.497346999999999895e+01,1.215427099999999996e+02,2.012000000000000000e+03,9.000000000000000000e+00
2.110000000000000000e+02,5.200000000000000178e+00,3.905683999999999969e+02,5.000000000000000000e+00,2.497936999999999941e+01,1.215424500000000023e+02,2.013000000000000000e+03,6.000000000000000000e+00
2.120000000000000000e+02,0.000000000000000000e+00,2.740144000000000233e+02,1.000000000000000000e+00,2.497479999999999833e+01,1.215305900000000037e+02,2.013000000000000000e+03,0.000000000000000000e+00
2.130000000000000000e+02,1.760000000000000142e+01,1.805664999999999964e+03,2.000000000000000000e+00,2.498671999999999827e+01,1.215209100000000007e+02,2.013000000000000000e+03,3.000000000000000000e+00
2.140000000000000000e+02,6.200000000000000178e+00,9.045605999999999369e+01,9.000000000000000000e+00,2.497432999999999836e+01,1.215430999999999955e+02,2.013000000000000000e+03,0.000000000000000000e+00
2.150000000000000000e+02,1.810000000000000142e+01,1.783180000000000064e+03,3.000000000000000000e+00,2.496731000000000122e+01,1.215148599999999988e+02,2.013000000000000000e+03,6.000000000000000000e+00
2.160000000000000000e+02,1.919999999999999929e+01,3.837128999999999905e+02,8.000000000000000000e+00,2.497200000000000131e+01,1.215447699999999998e+02,2.013000000000000000e+03,3.000000000000000000e+00
2.170000000000000000e+02,3.779999999999999716e+01,5.909292000000000371e+02,1.000000000000000000e+00,2.497153000000000134e+01,1.215355899999999991e+02,2.013000000000000000e+03,3.000000000000000000e+00
2.180000000000000000e+02,2.800000000000000000e+01,3.726241999999999734e+02,6.000000000000000000e+00,2.497838000000000136e+01,1.215411900000000003e+02,2.012000000000000000e+03,1.100000000000000000e+01
2.190000000000000000e+02,1.359999999999999964e+01,4.922312999999999761e+02,5.000000000000000000e+00,2.496515000000000128e+01,1.215373699999999957e+02,2.013000000000000000e+03,5.000000000000000000e+00
2.200000000000000000e+02,2.930000000000000071e+01,5.297771000000000186e+02,8.000000000000000000e+00,2.498102000000000089e+01,1.215365500000000054e+02,2.012000000000000000e+03,9.000000000000000000e+00
2.210000000000000000e+02,3.720000000000000284e+01,1.865100999999999942e+02,9.000000000000000000e+00,2.497702999999999918e+01,1.215426499999999947e+02,2.013000000000000000e+03,3.000000000000000000e+00
2.220000000000000000e+02,9.000000000000000000e+00,1.402016000000000076e+03,0.000000000000000000e+00,2.498569000000000173e+01,1.215276000000000067e+02,2.013000000000000000e+03,3.000000000000000000e+00
2.230000000000000000e+02,3.060000000000000142e+01,4.311114000000000033e+02,1.000000000000000000e+01,2.498123000000000005e+01,1.215374300000000005e+02,2.013000000000000000e+03,6.000000000000000000e+00
2.240000000000000000e+02,9.099999999999999645e+00,1.402016000000000076e+03,0.000000000000000000e+00,2.498569000000000173e+01,1.215276000000000067e+02,2.013000000000000000e+03,3.000000000000000000e+00
2.250000000000000000e+02,3.450000000000000000e+01,3.249418999999999755e+02,6.000000000000000000e+00,2.497813999999999979e+01,1.215417000000000058e+02,2.013000000000000000e+03,3.000000000000000000e+00
2.260000000000000000e+02,1.100000000000000089e+00,1.935844999999999914e+02,6.000000000000000000e+00,2.496571000000000140e+01,1.215408900000000045e+02,2.013000000000000000e+03,3.000000000000000000e+00
2.270000000000000000e+02,1.650000000000000000e+01,4.082014999999999873e+03,0.000000000000000000e+00,2.494154999999999944e+01,1.215038100000000014e+02,2.013000000000000000e+03,0.000000000000000000e+00
2.280000000000000000e+02,3.239999999999999858e+01,2.650609000000000037e+02,8.000000000000000000e+00,2.498058999999999941e+01,1.215398600000000044e+02,2.012000000000000000e+03,1.100000000000000000e+01
2.290000000000000000e+02,1.190000000000000036e+01,3.171329000000000178e+03,0.000000000000000000e+00,2.500114999999999910e+01,1.215177599999999956e+02,2.013000000000000000e+03,5.000000000000000000e+00
2.300000000000000000e+02,3.100000000000000000e+01,1.156412000000000035e+03,0.000000000000000000e+00,2.494889999999999830e+01,1.215309500000000043e+02,2.013000000000000000e+03,6.000000000000000000e+00
2.310000000000000000e+02,4.000000000000000000e+00,2.147376000000000204e+03,3.000000000000000000e+00,2.496299000000000134e+01,1.215128399999999971e+02,2.013000000000000000e+03,6.000000000000000000e+00
2.320000000000000000e+02,1.619999999999999929e+01,4.074735999999999876e+03,0.000000000000000000e+00,2.494235000000000113e+01,1.215035699999999963e+02,2.012000000000000000e+03,9.000000000000000000e+00
2.330000000000000000e+02,2.710000000000000142e+01,4.412765000000000327e+03,1.000000000000000000e+00,2.495032000000000139e+01,1.214958699999999965e+02,2.012000000000000000e+03,1.100000000000000000e+01
2.340000000000000000e+02,3.970000000000000284e+01,3.333679000000000201e+02,9.000000000000000000e+00,2.498016000000000147e+01,1.215393200000000036e+02,2.013000000000000000e+03,3.000000000000000000e+00
2.350000000000000000e+02,8.000000000000000000e+00,2.216612000000000080e+03,4.000000000000000000e+00,2.496007000000000176e+01,1.215136099999999999e+02,2.013000000000000000e+03,3.000000000000000000e+00
2.360000000000000000e+02,1.290000000000000036e+01,2.506310000000000002e+02,7.000000000000000000e+00,2.496605999999999881e+01,1.215429699999999968e+02,2.012000000000000000e+03,9.000000000000000000e+00
2.370000000000000000e+02,3.600000000000000089e+00,3.738389000000000237e+02,1.000000000000000000e+01,2.498321999999999932e+01,1.215376499999999993e+02,2.013000000000000000e+03,2.000000000000000000e+00
2.380000000000000000e+02,1.300000000000000000e+01,7.328528000000000020e+02,0.000000000000000000e+00,2.497668000000000177e+01,1.215251800000000060e+02,2.013000000000000000e+03,2.000000000000000000e+00
2.390000000000000000e+02,1.280000000000000071e+01,7.328528000000000020e+02,0.000000000000000000e+00,2.497668000000000177e+01,1.215251800000000060e+02,2.013000000000000000e+03,0.000000000000000000e+00
2.400000000000000000e+02,1.810000000000000142e+01,8.377232999999999947e+02,0.000000000000000000e+00,2.496333999999999875e+01,1.215476699999999965e+02,2.013000000000000000e+03,6.000000000000000000e+00
2.410000000000000000e+02,1.100000000000000000e+01,1.712632000000000062e+03,2.000000000000000000e+00,2.496412000000000120e+01,1.215167000000000002e+02,2.013000000000000000e+03,0.000000000000000000e+00
2.420000000000000000e+02,1.369999999999999929e+01,2.506310000000000002e+02,7.000000000000000000e+00,2.496605999999999881e+01,1.215429699999999968e+02,2.013000000000000000e+03,6.000000000000000000e+00
2.430000000000000000e+02,2.000000000000000000e+00,2.077389999999999873e+03,3.000000000000000000e+00,2.496357000000000070e+01,1.215132899999999978e+02,2.012000000000000000e+03,9.000000000000000000e+00
2.440000000000000000e+02,3.279999999999999716e+01,2.041705000000000041e+02,8.000000000000000000e+00,2.498235999999999990e+01,1.215392300000000034e+02,2.013000000000000000e+03,5.000000000000000000e+00
2.450000000000000000e+02,4.799999999999999822e+00,1.559826999999999998e+03,3.000000000000000000e+00,2.497212999999999994e+01,1.215162700000000058e+02,2.013000000000000000e+03,0.000000000000000000e+00
2.460000000000000000e+02,7.500000000000000000e+00,6.396198000000000548e+02,5.000000000000000000e+00,2.497258000000000067e+01,1.215481400000000036e+02,2.013000000000000000e+03,5.000000000000000000e+00
2.470000000000000000e+02,1.639999999999999858e+01,3.898219000000000278e+02,6.000000000000000000e+00,2.496412000000000120e+01,1.215427300000000059e+02,2.013000000000000000e+03,5.000000000000000000e+00
2.480000000000000000e+02,2.169999999999999929e+01,1.055067000000000007e+03,0.000000000000000000e+00,2.496210999999999913e+01,1.215492799999999960e+02,2.013000000000000000e+03,3.000000000000000000e+00
2.490000000000000000e+02,1.900000000000000000e+01,1.009235000000000014e+03,0.000000000000000000e+00,2.496357000000000070e+01,1.215495099999999979e+02,2.013000000000000000e+03,0.000000000000000000e+00
2.500000000000000000e+02,1.800000000000000000e+01,6.306153000000000247e+03,1.000000000000000000e+00,2.495742999999999867e+01,1.214751600000000025e+02,2.012000000000000000e+03,9.000000000000000000e+00
2.510000000000000000e+02,3.920000000000000284e+01,4.247131999999999721e+02,7.000000000000000000e+00,2.497428999999999988e+01,1.215391699999999986e+02,2.013000000000000000e+03,2.000000000000000000e+00
2.520000000000000000e+02,3.169999999999999929e+01,1.159453999999999951e+03,0.000000000000000000e+00,2.494960000000000022e+01,1.215301800000000014e+02,2.012000000000000000e+03,1.100000000000000000e+01
2.530000000000000000e+02,5.900000000000000355e+00,9.045605999999999369e+01,9.000000000000000000e+00,2.497432999999999836e+01,1.215430999999999955e+02,2.012000000000000000e+03,9.000000000000000000e+00
2.540000000000000000e+02,3.039999999999999858e+01,1.735595000000000027e+03,2.000000000000000000e+00,2.496463999999999928e+01,1.215162299999999931e+02,2.012000000000000000e+03,8.000000000000000000e+00
2.550000000000000000e+02,1.100000000000000089e+00,3.299746999999999844e+02,5.000000000000000000e+00,2.498254000000000019e+01,1.215439499999999953e+02,2.012000000000000000e+03,8.000000000000000000e+00
2.560000000000000000e+02,3.150000000000000000e+01,5.512037999999999556e+03,1.000000000000000000e+00,2.495094999999999885e+01,1.214845799999999940e+02,2.013000000000000000e+03,5.000000000000000000e+00
2.570000000000000000e+02,1.459999999999999964e+01,3.392289000000000101e+02,1.000000000000000000e+00,2.497519000000000133e+01,1.215315099999999973e+02,2.012000000000000000e+03,8.000000000000000000e+00
2.580000000000000000e+02,1.730000000000000071e+01,4.441333999999999946e+02,1.000000000000000000e+00,2.497501000000000104e+01,1.215272999999999968e+02,2.013000000000000000e+03,3.000000000000000000e+00
2.590000000000000000e+02,0.000000000000000000e+00,2.929977999999999838e+02,6.000000000000000000e+00,2.497744000000000142e+01,1.215445799999999963e+02,2.013000000000000000e+03,5.000000000000000000e+00
2.600000000000000000e+02,1.769999999999999929e+01,8.377232999999999947e+02,0.000000000000000000e+00,2.496333999999999875e+01,1.215476699999999965e+02,2.013000000000000000e+03,0.000000000000000000e+00
2.610000000000000000e+02,1.700000000000000000e+01,1.485096999999999980e+03,4.000000000000000000e+00,2.497072999999999965e+01,1.215169999999999959e+02,2.013000000000000000e+03,3.000000000000000000e+00
2.620000000000000000e+02,1.619999999999999929e+01,2.288010999999999967e+03,3.000000000000000000e+00,2.495885000000000176e+01,1.215135899999999936e+02,2.013000000000000000e+03,2.000000000000000000e+00
2.630000000000000000e+02,1.590000000000000036e+01,2.893247999999999820e+02,5.000000000000000000e+00,2.498203000000000173e+01,1.215434800000000024e+02,2.012000000000000000e+03,1.100000000000000000e+01
2.640000000000000000e+02,3.899999999999999911e+00,2.147376000000000204e+03,3.000000000000000000e+00,2.496299000000000134e+01,1.215128399999999971e+02,2.013000000000000000e+03,5.000000000000000000e+00
2.650000000000000000e+02,3.260000000000000142e+01,4.936569999999999823e+02,7.000000000000000000e+00,2.496968000000000032e+01,1.215452200000000005e+02,2.013000000000000000e+03,2.000000000000000000e+00
2.660000000000000000e+02,1.569999999999999929e+01,8.159314000000000533e+02,4.000000000000000000e+00,2.497886000000000095e+01,1.215346399999999960e+02,2.012000000000000000e+03,9.000000000000000000e+00
2.670000000000000000e+02,1.780000000000000071e+01,1.783180000000000064e+03,3.000000000000000000e+00,2.496731000000000122e+01,1.215148599999999988e+02,2.013000000000000000e+03,3.000000000000000000e+00
2.680000000000000000e+02,3.470000000000000284e+01,4.827581000000000131e+02,5.000000000000000000e+00,2.497432999999999836e+01,1.215386299999999977e+02,2.012000000000000000e+03,9.000000000000000000e+00
2.690000000000000000e+02,1.719999999999999929e+01,3.905683999999999969e+02,5.000000000000000000e+00,2.497936999999999941e+01,1.215424500000000023e+02,2.013000000000000000e+03,5.000000000000000000e+00
2.700000000000000000e+02,1.760000000000000142e+01,8.377232999999999947e+02,0.000000000000000000e+00,2.496333999999999875e+01,1.215476699999999965e+02,2.013000000000000000e+03,0.000000000000000000e+00
2.710000000000000000e+02,1.080000000000000071e+01,2.525822000000000003e+02,1.000000000000000000e+00,2.497459999999999880e+01,1.215304600000000050e+02,2.013000000000000000e+03,3.000000000000000000e+00
2.720000000000000000e+02,1.769999999999999929e+01,4.516419000000000210e+02,8.000000000000000000e+00,2.496944999999999837e+01,1.215448999999999984e+02,2.012000000000000000e+03,1.100000000000000000e+01
2.730000000000000000e+02,1.300000000000000000e+01,4.922312999999999761e+02,5.000000000000000000e+00,2.496515000000000128e+01,1.215373699999999957e+02,2.012000000000000000e+03,9.000000000000000000e+00
2.740000000000000000e+02,1.319999999999999929e+01,1.701288999999999874e+02,1.000000000000000000e+00,2.497371000000000052e+01,1.215298399999999930e+02,2.013000000000000000e+03,5.000000000000000000e+00
2.750000000000000000e+02,2.750000000000000000e+01,3.940172999999999774e+02,7.000000000000000000e+00,2.497305000000000064e+01,1.215399400000000014e+02,2.013000000000000000e+03,2.000000000000000000e+00
2.760000000000000000e+02,1.500000000000000000e+00,2.338284000000000162e+01,7.000000000000000000e+00,2.496771999999999991e+01,1.215410200000000032e+02,2.012000000000000000e+03,8.000000000000000000e+00
2.770000000000000000e+02,1.910000000000000142e+01,4.611016000000000190e+02,5.000000000000000000e+00,2.495424999999999827e+01,1.215399000000000029e+02,2.013000000000000000e+03,0.000000000000000000e+00
2.780000000000000000e+02,2.119999999999999929e+01,2.185128000000000156e+03,3.000000000000000000e+00,2.496321999999999974e+01,1.215123700000000042e+02,2.013000000000000000e+03,5.000000000000000000e+00
2.790000000000000000e+02,0.000000000000000000e+00,2.083905000000000030e+02,6.000000000000000000e+00,2.495617999999999981e+01,1.215384399999999943e+02,2.012000000000000000e+03,9.000000000000000000e+00
2.800000000000000000e+02,2.600000000000000089e+00,1.554250000000000000e+03,3.000000000000000000e+00,2.497025999999999968e+01,1.215164199999999965e+02,2.013000000000000000e+03,5.000000000000000000e+00
2.810000000000000000e+02,2.299999999999999822e+00,1.843301999999999907e+02,6.000000000000000000e+00,2.496581000000000117e+01,1.215408599999999950e+02,2.013000000000000000e+03,3.000000000000000000e+00
2.820000000000000000e+02,4.700000000000000178e+00,3.877721000000000231e+02,9.000000000000000000e+00,2.498117999999999839e+01,1.215378800000000012e+02,2.013000000000000000e+03,3.000000000000000000e+00
2.830000000000000000e+02,2.000000000000000000e+00,1.455798000000000002e+03,1.000000000000000000e+00,2.495120000000000005e+01,1.215490000000000066e+02,2.012000000000000000e+03,1.100000000000000000e+01
2.840000000000000000e+02,3.350000000000000000e+01,1.978671000000000049e+03,2.000000000000000000e+00,2.498674000000000106e+01,1.215184399999999982e+02,2.013000000000000000e+03,5.000000000000000000e+00
2.850000000000000000e+02,1.500000000000000000e+01,3.832805000000000177e+02,7.000000000000000000e+00,2.496734999999999971e+01,1.215446400000000011e+02,2.012000000000000000e+03,1.100000000000000000e+01
2.860000000000000000e+02,3.010000000000000142e+01,7.182936999999999443e+02,3.000000000000000000e+00,2.497509000000000157e+01,1.215364399999999989e+02,2.013000000000000000e+03,2.000000000000000000e+00
2.870000000000000000e+02,5.900000000000000355e+00,9.045605999999999369e+01,9.000000000000000000e+00,2.497432999999999836e+01,1.215430999999999955e+02,2.012000000000000000e+03,1.100000000000000000e+01
2.880000000000000000e+02,1.919999999999999929e+01,4.611016000000000190e+02,5.000000000000000000e+00,2.495424999999999827e+01,1.215399000000000029e+02,2.013000000000000000e+03,0.000000000000000000e+00
2.890000000000000000e+02,1.660000000000000142e+01,3.236911999999999807e+02,6.000000000000000000e+00,2.497841000000000022e+01,1.215427999999999997e+02,2.013000000000000000e+03,6.000000000000000000e+00
2.900000000000000000e+02,1.390000000000000036e+01,2.893247999999999820e+02,5.000000000000000000e+00,2.498203000000000173e+01,1.215434800000000024e+02,2.013000000000000000e+03,3.000000000000000000e+00
2.910000000000000000e+02,3.770000000000000284e+01,4.903446000000000140e+02,0.000000000000000000e+00,2.497216999999999842e+01,1.215347100000000040e+02,2.013000000000000000e+03,0.000000000000000000e+00
2.920000000000000000e+02,3.399999999999999911e+00,5.647424999999999784e+01,7.000000000000000000e+00,2.495743999999999829e+01,1.215371099999999984e+02,2.012000000000000000e+03,9.000000000000000000e+00
2.930000000000000000e+02,1.750000000000000000e+01,3.956746999999999730e+02,5.000000000000000000e+00,2.495673999999999992e+01,1.215340000000000060e+02,2.013000000000000000e+03,0.000000000000000000e+00
2.940000000000000000e+02,1.259999999999999964e+01,3.832805000000000177e+02,7.000000000000000000e+00,2.496734999999999971e+01,1.215446400000000011e+02,2.012000000000000000e+03,8.000000000000000000e+00
2.950000000000000000e+02,2.639999999999999858e+01,3.355273000000000252e+02,6.000000000000000000e+00,2.497960000000000136e+01,1.215413999999999959e+02,2.013000000000000000e+03,6.000000000000000000e+00
2.960000000000000000e+02,1.819999999999999929e+01,2.179590000000000146e+03,3.000000000000000000e+00,2.496299000000000134e+01,1.215125199999999950e+02,2.013000000000000000e+03,2.000000000000000000e+00
2.970000000000000000e+02,1.250000000000000000e+01,1.144435999999999922e+03,4.000000000000000000e+00,2.499175999999999931e+01,1.215345599999999990e+02,2.012000000000000000e+03,9.000000000000000000e+00
2.980000000000000000e+02,3.489999999999999858e+01,5.670348999999999933e+02,4.000000000000000000e+00,2.497003000000000128e+01,1.215457999999999998e+02,2.012000000000000000e+03,9.000000000000000000e+00
2.990000000000000000e+02,1.669999999999999929e+01,4.082014999999999873e+03,0.000000000000000000e+00,2.494154999999999944e+01,1.215038100000000014e+02,2.013000000000000000e+03,3.000000000000000000e+00
3.000000000000000000e+02,3.320000000000000284e+01,1.217262000000000057e+02,1.000000000000000000e+01,2.498178000000000054e+01,1.215405899999999946e+02,2.013000000000000000e+03,2.000000000000000000e+00
3.010000000000000000e+02,2.500000000000000000e+00,1.562442000000000064e+02,4.000000000000000000e+00,2.496696000000000026e+01,1.215399199999999951e+02,2.013000000000000000e+03,0.000000000000000000e+00
3.020000000000000000e+02,3.800000000000000000e+01,4.617848000000000184e+02,0.000000000000000000e+00,2.497229000000000099e+01,1.215344500000000068e+02,2.012000000000000000e+03,9.000000000000000000e+00
3.030000000000000000e+02,1.650000000000000000e+01,2.288010999999999967e+03,3.000000000000000000e+00,2.495885000000000176e+01,1.215135899999999936e+02,2.013000000000000000e+03,6.000000000000000000e+00
3.040000000000000000e+02,3.829999999999999716e+01,4.397105000000000246e+02,0.000000000000000000e+00,2.497160999999999831e+01,1.215342299999999938e+02,2.013000000000000000e+03,6.000000000000000000e+00
3.050000000000000000e+02,2.000000000000000000e+01,1.626083000000000084e+03,3.000000000000000000e+00,2.496621999999999986e+01,1.215166799999999938e+02,2.013000000000000000e+03,5.000000000000000000e+00
3.060000000000000000e+02,1.619999999999999929e+01,2.893247999999999820e+02,5.000000000000000000e+00,2.498203000000000173e+01,1.215434800000000024e+02,2.013000000000000000e+03,0.000000000000000000e+00
3.070000000000000000e+02,1.440000000000000036e+01,1.699802999999999997e+02,1.000000000000000000e+00,2.497369000000000128e+01,1.215297900000000055e+02,2.013000000000000000e+03,6.000000000000000000e+00
3.080000000000000000e+02,1.030000000000000071e+01,3.079889999999999873e+03,0.000000000000000000e+00,2.495459999999999923e+01,1.215662700000000029e+02,2.012000000000000000e+03,9.000000000000000000e+00
3.090000000000000000e+02,1.639999999999999858e+01,2.893247999999999820e+02,5.000000000000000000e+00,2.498203000000000173e+01,1.215434800000000024e+02,2.013000000000000000e+03,5.000000000000000000e+00
3.100000000000000000e+02,3.030000000000000071e+01,1.264730000000000018e+03,0.000000000000000000e+00,2.494883000000000095e+01,1.215295399999999972e+02,2.013000000000000000e+03,3.000000000000000000e+00
3.110000000000000000e+02,1.639999999999999858e+01,1.643499000000000024e+03,2.000000000000000000e+00,2.495393999999999934e+01,1.215517399999999952e+02,2.013000000000000000e+03,6.000000000000000000e+00
3.120000000000000000e+02,2.130000000000000071e+01,5.377971000000000004e+02,4.000000000000000000e+00,2.497425000000000139e+01,1.215381399999999985e+02,2.013000000000000000e+03,2.000000000000000000e+00
3.130000000000000000e+02,3.539999999999999858e+01,3.185292000000000030e+02,9.000000000000000000e+00,2.497071000000000041e+01,1.215406899999999979e+02,2.013000000000000000e+03,6.000000000000000000e+00
3.140000000000000000e+02,8.300000000000000711e+00,1.048101000000000056e+02,5.000000000000000000e+00,2.496674000000000149e+01,1.215406700000000058e+02,2.013000000000000000e+03,3.000000000000000000e+00
3.150000000000000000e+02,3.700000000000000178e+00,5.779615000000000009e+02,6.000000000000000000e+00,2.497201000000000093e+01,1.215472199999999958e+02,2.013000000000000000e+03,3.000000000000000000e+00
3.160000000000000000e+02,1.559999999999999964e+01,1.756411000000000058e+03,2.000000000000000000e+00,2.498320000000000007e+01,1.215181199999999961e+02,2.013000000000000000e+03,0.000000000000000000e+00
3.170000000000000000e+02,1.330000000000000071e+01,2.506310000000000002e+02,7.000000000000000000e+00,2.496605999999999881e+01,1.215429699999999968e+02,2.013000000000000000e+03,3.000000000000000000e+00
3.180000000000000000e+02,1.559999999999999964e+01,7.527668999999999642e+02,2.000000000000000000e+00,2.497794999999999987e+01,1.215345099999999974e+02,2.012000000000000000e+03,9.000000000000000000e+00
3.190000000000000000e+02,7.099999999999999645e+00,3.795575000000000045e+02,1.000000000000000000e+01,2.498342999999999847e+01,1.215376200000000040e+02,2.013000000000000000e+03,3.000000000000000000e+00
3.200000000000000000e+02,3.460000000000000142e+01,2.726782999999999788e+02,5.000000000000000000e+00,2.495561999999999969e+01,1.215387199999999979e+02,2.013000000000000000e+03,3.000000000000000000e+00
3.210000000000000000e+02,1.350000000000000000e+01,4.197349000000000160e+03,0.000000000000000000e+00,2.493884999999999863e+01,1.215038299999999936e+02,2.012000000000000000e+03,9.000000000000000000e+00
3.220000000000000000e+02,1.689999999999999858e+01,9.647495999999999867e+02,4.000000000000000000e+00,2.498872000000000071e+01,1.215341099999999983e+02,2.012000000000000000e+03,1.100000000000000000e+01
3.230000000000000000e+02,1.290000000000000036e+01,1.874823000000000093e+02,1.000000000000000000e+00,2.497388000000000119e+01,1.215298099999999977e+02,2.013000000000000000e+03,0.000000000000000000e+00
3.240000000000000000e+02,2.860000000000000142e+01,1.971338000000000079e+02,6.000000000000000000e+00,2.497631000000000157e+01,1.215443599999999975e+02,2.013000000000000000e+03,5.000000000000000000e+00
3.250000000000000000e+02,1.240000000000000036e+01,1.712632000000000062e+03,2.000000000000000000e+00,2.496412000000000120e+01,1.215167000000000002e+02,2.012000000000000000e+03,8.000000000000000000e+00
3.260000000000000000e+02,3.660000000000000142e+01,4.888192999999999984e+02,8.000000000000000000e+00,2.497015000000000029e+01,1.215449399999999969e+02,2.013000000000000000e+03,0.000000000000000000e+00
3.270000000000000000e+02,4.099999999999999645e+00,5.647424999999999784e+01,7.000000000000000000e+00,2.495743999999999829e+01,1.215371099999999984e+02,2.013000000000000000e+03,6.000000000000000000e+00
3.280000000000000000e+02,3.500000000000000000e+00,7.573377000000000407e+02,3.000000000000000000e+00,2.497538000000000125e+01,1.215497100000000046e+02,2.013000000000000000e+03,5.000000000000000000e+00
3.290000000000000000e+02,1.590000000000000036e+01,1.497712999999999965e+03,3.000000000000000000e+00,2.497003000000000128e+01,1.215169599999999974e+02,2.012000000000000000e+03,9.000000000000000000e+00
3.300000000000000000e+02,1.359999999999999964e+01,4.197349000000000160e+03,0.000000000000000000e+00,2.493884999999999863e+01,1.215038299999999936e+02,2.013000000000000000e+03,0.000000000000000000e+00
3.310000000000000000e+02,3.200000000000000000e+01,1.156777000000000044e+03,0.000000000000000000e+00,2.494934999999999903e+01,1.215304600000000050e+02,2.013000000000000000e+03,0.000000000000000000e+00
3.320000000000000000e+02,2.560000000000000142e+01,4.519689999999999600e+03,0.000000000000000000e+00,2.494826000000000121e+01,1.214958699999999965e+02,2.013000000000000000e+03,3.000000000000000000e+00
3.330000000000000000e+02,3.979999999999999716e+01,6.177133999999999787e+02,2.000000000000000000e+00,2.497577000000000069e+01,1.215347500000000025e+02,2.013000000000000000e+03,2.000000000000000000e+00
3.340000000000000000e+02,7.799999999999999822e+00,1.048101000000000056e+02,5.000000000000000000e+00,2.496674000000000149e+01,1.215406700000000058e+02,2.012000000000000000e+03,9.000000000000000000e+00
3.350000000000000000e+02,3.000000000000000000e+01,1.013341000000000008e+03,5.000000000000000000e+00,2.499005999999999972e+01,1.215345999999999975e+02,2.012000000000000000e+03,1.100000000000000000e+01
3.360000000000000000e+02,2.730000000000000071e+01,3.376016000000000190e+02,6.000000000000000000e+00,2.496431000000000111e+01,1.215406299999999931e+02,2.013000000000000000e+03,6.000000000000000000e+00
3.370000000000000000e+02,5.099999999999999645e+00,1.867232999999999947e+03,2.000000000000000000e+00,2.498406999999999911e+01,1.215174800000000062e+02,2.012000000000000000e+03,9.000000000000000000e+00
3.380000000000000000e+02,3.130000000000000071e+01,6.008604000000000269e+02,5.000000000000000000e+00,2.496871000000000151e+01,1.215465099999999978e+02,2.012000000000000000e+03,9.000000000000000000e+00
3.390000000000000000e+02,3.150000000000000000e+01,2.581859999999999786e+02,9.000000000000000000e+00,2.496866999999999948e+01,1.215433100000000053e+02,2.012000000000000000e+03,1.100000000000000000e+01
3.400000000000000000e+02,1.699999999999999956e+00,3.299746999999999844e+02,5.000000000000000000e+00,2.498254000000000019e+01,1.215439499999999953e+02,2.013000000000000000e+03,3.000000000000000000e+00
3.410000000000000000e+02,3.360000000000000142e+01,2.708894999999999982e+02,0.000000000000000000e+00,2.497280999999999906e+01,1.215326500000000038e+02,2.013000000000000000e+03,3.000000000000000000e+00
3.420000000000000000e+02,1.300000000000000000e+01,7.500703999999999496e+02,2.000000000000000000e+00,2.497371000000000052e+01,1.215495099999999979e+02,2.013000000000000000e+03,0.000000000000000000e+00
3.430000000000000000e+02,5.700000000000000178e+00,9.045605999999999369e+01,9.000000000000000000e+00,2.497432999999999836e+01,1.215430999999999955e+02,2.012000000000000000e+03,8.000000000000000000e+00
3.440000000000000000e+02,3.350000000000000000e+01,5.632853999999999814e+02,8.000000000000000000e+00,2.498223000000000127e+01,1.215359700000000061e+02,2.013000000000000000e+03,0.000000000000000000e+00
3.450000000000000000e+02,3.460000000000000142e+01,3.085170000000000073e+03,0.000000000000000000e+00,2.499800000000000111e+01,1.215155000000000030e+02,2.013000000000000000e+03,6.000000000000000000e+00
3.460000000000000000e+02,0.000000000000000000e+00,1.854295999999999935e+02,0.000000000000000000e+00,2.497109999999999985e+01,1.215317000000000007e+02,2.012000000000000000e+03,8.000000000000000000e+00
3.470000000000000000e+02,1.319999999999999929e+01,1.712632000000000062e+03,2.000000000000000000e+00,2.496412000000000120e+01,1.215167000000000002e+02,2.013000000000000000e+03,5.000000000000000000e+00
3.480000000000000000e+02,1.739999999999999858e+01,6.488020999999999731e+03,1.000000000000000000e+00,2.495719000000000065e+01,1.214735299999999967e+02,2.013000000000000000e+03,6.000000000000000000e+00
3.490000000000000000e+02,4.599999999999999645e+00,2.596607000000000198e+02,6.000000000000000000e+00,2.497585000000000122e+01,1.215451599999999956e+02,2.012000000000000000e+03,9.000000000000000000e+00
3.500000000000000000e+02,7.799999999999999822e+00,1.048101000000000056e+02,5.000000000000000000e+00,2.496674000000000149e+01,1.215406700000000058e+02,2.012000000000000000e+03,9.000000000000000000e+00
3.510000000000000000e+02,1.319999999999999929e+01,4.922312999999999761e+02,5.000000000000000000e+00,2.496515000000000128e+01,1.215373699999999957e+02,2.013000000000000000e+03,0.000000000000000000e+00
3.520000000000000000e+02,4.000000000000000000e+00,2.180244999999999891e+03,3.000000000000000000e+00,2.496323999999999899e+01,1.215124100000000027e+02,2.012000000000000000e+03,9.000000000000000000e+00
3.530000000000000000e+02,1.839999999999999858e+01,2.674960999999999785e+03,3.000000000000000000e+00,2.496143000000000001e+01,1.215082699999999960e+02,2.012000000000000000e+03,9.000000000000000000e+00
3.540000000000000000e+02,4.099999999999999645e+00,2.147376000000000204e+03,3.000000000000000000e+00,2.496299000000000134e+01,1.215128399999999971e+02,2.013000000000000000e+03,6.000000000000000000e+00
3.550000000000000000e+02,1.219999999999999929e+01,1.360138999999999896e+03,1.000000000000000000e+00,2.495204000000000022e+01,1.215484199999999930e+02,2.013000000000000000e+03,5.000000000000000000e+00
3.560000000000000000e+02,3.799999999999999822e+00,3.838623999999999796e+02,5.000000000000000000e+00,2.498085000000000022e+01,1.215439099999999968e+02,2.013000000000000000e+03,3.000000000000000000e+00
3.570000000000000000e+02,1.030000000000000071e+01,2.114473000000000127e+02,1.000000000000000000e+00,2.497417000000000087e+01,1.215299899999999980e+02,2.012000000000000000e+03,9.000000000000000000e+00
3.580000000000000000e+02,0.000000000000000000e+00,3.389678999999999860e+02,9.000000000000000000e+00,2.496853000000000122e+01,1.215441299999999956e+02,2.013000000000000000e+03,5.000000000000000000e+00
3.590000000000000000e+02,1.100000000000000089e+00,1.935844999999999914e+02,6.000000000000000000e+00,2.496571000000000140e+01,1.215408900000000045e+02,2.013000000000000000e+03,2.000000000000000000e+00
3.600000000000000000e+02,5.599999999999999645e+00,2.408992999999999938e+03,0.000000000000000000e+00,2.495504999999999995e+01,1.215596400000000017e+02,2.013000000000000000e+03,6.000000000000000000e+00
3.610000000000000000e+02,3.289999999999999858e+01,8.730222000000000548e+01,1.000000000000000000e+01,2.498300000000000054e+01,1.215402200000000050e+02,2.012000000000000000e+03,8.000000000000000000e+00
3.620000000000000000e+02,4.139999999999999858e+01,2.812049999999999841e+02,8.000000000000000000e+00,2.497344999999999970e+01,1.215409300000000030e+02,2.013000000000000000e+03,0.000000000000000000e+00
3.630000000000000000e+02,1.710000000000000142e+01,9.673999999999999773e+02,4.000000000000000000e+00,2.498872000000000071e+01,1.215340800000000030e+02,2.013000000000000000e+03,5.000000000000000000e+00
3.640000000000000000e+02,3.229999999999999716e+01,1.099454999999999956e+02,1.000000000000000000e+01,2.498181999999999903e+01,1.215408599999999950e+02,2.013000000000000000e+03,6.000000000000000000e+00
3.650000000000000000e+02,3.529999999999999716e+01,6.141394000000000233e+02,7.000000000000000000e+00,2.497913000000000139e+01,1.215366599999999977e+02,2.013000000000000000e+03,5.000000000000000000e+00
3.660000000000000000e+02,1.730000000000000071e+01,2.261431999999999789e+03,4.000000000000000000e+00,2.496181999999999945e+01,1.215122199999999992e+02,2.012000000000000000e+03,1.100000000000000000e+01
3.670000000000000000e+02,1.419999999999999929e+01,1.801544000000000096e+03,1.000000000000000000e+00,2.495153000000000176e+01,1.215525399999999934e+02,2.012000000000000000e+03,9.000000000000000000e+00
3.680000000000000000e+02,1.500000000000000000e+01,1.828318999999999960e+03,2.000000000000000000e+00,2.496463999999999928e+01,1.215153099999999995e+02,2.012000000000000000e+03,9.000000000000000000e+00
3.690000000000000000e+02,1.819999999999999929e+01,3.508514999999999873e+02,1.000000000000000000e+00,2.497543999999999897e+01,1.215311899999999952e+02,2.013000000000000000e+03,5.000000000000000000e+00
3.700000000000000000e+02,2.019999999999999929e+01,2.185128000000000156e+03,3.000000000000000000e+00,2.496321999999999974e+01,1.215123700000000042e+02,2.012000000000000000e+03,8.000000000000000000e+00
3.710000000000000000e+02,1.590000000000000036e+01,2.893247999999999820e+02,5.000000000000000000e+00,2.498203000000000173e+01,1.215434800000000024e+02,2.012000000000000000e+03,9.000000000000000000e+00
3.720000000000000000e+02,4.099999999999999645e+00,3.128962999999999965e+02,5.000000000000000000e+00,2.495590999999999937e+01,1.215395599999999945e+02,2.013000000000000000e+03,6.000000000000000000e+00
3.730000000000000000e+02,3.389999999999999858e+01,1.576051999999999964e+02,7.000000000000000000e+00,2.496628000000000114e+01,1.215419600000000031e+02,2.013000000000000000e+03,0.000000000000000000e+00
3.740000000000000000e+02,0.000000000000000000e+00,2.740144000000000233e+02,1.000000000000000000e+00,2.497479999999999833e+01,1.215305900000000037e+02,2.013000000000000000e+03,0.000000000000000000e+00
3.750000000000000000e+02,5.400000000000000355e+00,3.905683999999999969e+02,5.000000000000000000e+00,2.497936999999999941e+01,1.215424500000000023e+02,2.013000000000000000e+03,3.000000000000000000e+00
3.760000000000000000e+02,2.169999999999999929e+01,1.157988000000000056e+03,0.000000000000000000e+00,2.496164999999999878e+01,1.215501100000000037e+02,2.013000000000000000e+03,3.000000000000000000e+00
3.770000000000000000e+02,1.469999999999999929e+01,1.717192999999999984e+03,2.000000000000000000e+00,2.496446999999999861e+01,1.215164900000000046e+02,2.013000000000000000e+03,5.000000000000000000e+00
3.780000000000000000e+02,3.899999999999999911e+00,4.966105000000000302e+01,8.000000000000000000e+00,2.495835999999999899e+01,1.215375599999999991e+02,2.013000000000000000e+03,3.000000000000000000e+00
3.790000000000000000e+02,3.729999999999999716e+01,5.878876999999999953e+02,8.000000000000000000e+00,2.497077000000000169e+01,1.215463400000000007e+02,2.013000000000000000e+03,3.000000000000000000e+00
3.800000000000000000e+02,0.000000000000000000e+00,2.929977999999999838e+02,6.000000000000000000e+00,2.497744000000000142e+01,1.215445799999999963e+02,2.013000000000000000e+03,3.000000000000000000e+00
3.810000000000000000e+02,1.409999999999999964e+01,2.893247999999999820e+02,5.000000000000000000e+00,2.498203000000000173e+01,1.215434800000000024e+02,2.013000000000000000e+03,3.000000000000000000e+00
3.820000000000000000e+02,8.000000000000000000e+00,1.325468999999999937e+02,9.000000000000000000e+00,2.498298000000000130e+01,1.215398100000000028e+02,2.013000000000000000e+03,5.000000000000000000e+00
3.830000000000000000e+02,1.630000000000000071e+01,3.529563999999999851e+03,0.000000000000000000e+00,2.493206999999999951e+01,1.215159699999999958e+02,2.013000000000000000e+03,0.000000000000000000e+00
3.840000000000000000e+02,2.910000000000000142e+01,5.061143999999999892e+02,4.000000000000000000e+00,2.497844999999999871e+01,1.215388899999999950e+02,2.012000000000000000e+03,8.000000000000000000e+00
3.850000000000000000e+02,1.610000000000000142e+01,4.066586999999999989e+03,0.000000000000000000e+00,2.494296999999999898e+01,1.215034200000000055e+02,2.012000000000000000e+03,9.000000000000000000e+00
3.860000000000000000e+02,1.830000000000000071e+01,8.288643000000000427e+01,1.000000000000000000e+01,2.498300000000000054e+01,1.215402600000000035e+02,2.013000000000000000e+03,0.000000000000000000e+00
3.870000000000000000e+02,0.000000000000000000e+00,1.854295999999999935e+02,0.000000000000000000e+00,2.497109999999999985e+01,1.215317000000000007e+02,2.012000000000000000e+03,9.000000000000000000e+00
3.880000000000000000e+02,1.619999999999999929e+01,2.103554999999999836e+03,3.000000000000000000e+00,2.496041999999999916e+01,1.215146199999999936e+02,2.013000000000000000e+03,3.000000000000000000e+00
3.890000000000000000e+02,1.040000000000000036e+01,2.251938000000000102e+03,4.000000000000000000e+00,2.495956999999999937e+01,1.215135300000000029e+02,2.013000000000000000e+03,6.000000000000000000e+00
3.900000000000000000e+02,4.089999999999999858e+01,1.223619000000000057e+02,8.000000000000000000e+00,2.496755999999999887e+01,1.215422999999999973e+02,2.013000000000000000e+03,3.000000000000000000e+00
3.910000000000000000e+02,3.279999999999999716e+01,3.778301999999999907e+02,9.000000000000000000e+00,2.497150999999999854e+01,1.215434999999999945e+02,2.013000000000000000e+03,6.000000000000000000e+00
3.920000000000000000e+02,6.200000000000000178e+00,1.939749000000000024e+03,1.000000000000000000e+00,2.495155000000000101e+01,1.215538700000000034e+02,2.013000000000000000e+03,6.000000000000000000e+00
3.930000000000000000e+02,4.270000000000000284e+01,4.438020000000000209e+02,6.000000000000000000e+00,2.497926999999999964e+01,1.215387400000000042e+02,2.013000000000000000e+03,0.000000000000000000e+00
3.940000000000000000e+02,1.689999999999999858e+01,9.673999999999999773e+02,4.000000000000000000e+00,2.498872000000000071e+01,1.215340800000000030e+02,2.013000000000000000e+03,0.000000000000000000e+00
3.950000000000000000e+02,3.260000000000000142e+01,4.136270999999999731e+03,1.000000000000000000e+00,2.495543999999999940e+01,1.214963000000000051e+02,2.013000000000000000e+03,6.000000000000000000e+00
3.960000000000000000e+02,2.119999999999999929e+01,5.125487000000000535e+02,4.000000000000000000e+00,2.497400000000000020e+01,1.215384200000000021e+02,2.012000000000000000e+03,1.100000000000000000e+01
3.970000000000000000e+02,3.710000000000000142e+01,9.186357000000000426e+02,1.000000000000000000e+00,2.497197999999999851e+01,1.215506299999999982e+02,2.012000000000000000e+03,8.000000000000000000e+00
3.980000000000000000e+02,1.309999999999999964e+01,1.164837999999999965e+03,4.000000000000000000e+00,2.499155999999999977e+01,1.215340599999999966e+02,2.013000000000000000e+03,5.000000000000000000e+00
3.990000000000000000e+02,1.469999999999999929e+01,1.717192999999999984e+03,2.000000000000000000e+00,2.496446999999999861e+01,1.215164900000000046e+02,2.013000000000000000e+03,5.000000000000000000e+00
4.000000000000000000e+02,1.269999999999999929e+01,1.701288999999999874e+02,1.000000000000000000e+00,2.497371000000000052e+01,1.215298399999999930e+02,2.012000000000000000e+03,1.100000000000000000e+01
4.010000000000000000e+02,2.680000000000000071e+01,4.827581000000000131e+02,5.000000000000000000e+00,2.497432999999999836e+01,1.215386299999999977e+02,2.013000000000000000e+03,3.000000000000000000e+00
4.020000000000000000e+02,7.599999999999999645e+00,2.175030000000000200e+03,3.000000000000000000e+00,2.496304999999999907e+01,1.215125400000000013e+02,2.013000000000000000e+03,0.000000000000000000e+00
4.030000000000000000e+02,1.269999999999999929e+01,1.874823000000000093e+02,1.000000000000000000e+00,2.497388000000000119e+01,1.215298099999999977e+02,2.012000000000000000e+03,9.000000000000000000e+00
4.040000000000000000e+02,3.089999999999999858e+01,1.619420000000000073e+02,9.000000000000000000e+00,2.498352999999999824e+01,1.215396599999999978e+02,2.012000000000000000e+03,8.000000000000000000e+00
4.050000000000000000e+02,1.639999999999999858e+01,2.893247999999999820e+02,5.000000000000000000e+00,2.498203000000000173e+01,1.215434800000000024e+02,2.013000000000000000e+03,3.000000000000000000e+00
4.060000000000000000e+02,2.300000000000000000e+01,1.309944999999999879e+02,6.000000000000000000e+00,2.495663000000000054e+01,1.215376499999999993e+02,2.012000000000000000e+03,8.000000000000000000e+00
4.070000000000000000e+02,1.899999999999999911e+00,3.721385999999999967e+02,7.000000000000000000e+00,2.497293000000000163e+01,1.215402600000000035e+02,2.013000000000000000e+03,2.000000000000000000e+00
4.080000000000000000e+02,5.200000000000000178e+00,2.408992999999999938e+03,0.000000000000000000e+00,2.495504999999999995e+01,1.215596400000000017e+02,2.013000000000000000e+03,0.000000000000000000e+00
4.090000000000000000e+02,1.850000000000000000e+01,2.175744000000000142e+03,3.000000000000000000e+00,2.496330000000000027e+01,1.215124299999999948e+02,2.013000000000000000e+03,5.000000000000000000e+00
4.100000000000000000e+02,1.369999999999999929e+01,4.082014999999999873e+03,0.000000000000000000e+00,2.494154999999999944e+01,1.215038100000000014e+02,2.013000000000000000e+03,0.000000000000000000e+00
4.110000000000000000e+02,5.599999999999999645e+00,9.045605999999999369e+01,9.000000000000000000e+00,2.497432999999999836e+01,1.215430999999999955e+02,2.012000000000000000e+03,8.000000000000000000e+00
4.120000000000000000e+02,1.880000000000000071e+01,3.909696000000000140e+02,7.000000000000000000e+00,2.497923000000000116e+01,1.215398600000000044e+02,2.013000000000000000e+03,3.000000000000000000e+00
4.130000000000000000e+02,8.099999999999999645e+00,1.048101000000000056e+02,5.000000000000000000e+00,2.496674000000000149e+01,1.215406700000000058e+02,2.013000000000000000e+03,0.000000000000000000e+00
4.140000000000000000e+02,6.500000000000000000e+00,9.045605999999999369e+01,9.000000000000000000e+00,2.497432999999999836e+01,1.215430999999999955e+02,2.013000000000000000e+03,6.000000000000000000e+00
