3.789999999999999858e+01
4.220000000000000284e+01
4.729999999999999716e+01
5.479999999999999716e+01
4.310000000000000142e+01
3.210000000000000142e+01
4.029999999999999716e+01
4.670000000000000284e+01
1.880000000000000071e+01
2.210000000000000142e+01
4.139999999999999858e+01
5.810000000000000142e+01
3.929999999999999716e+01
2.380000000000000071e+01
3.429999999999999716e+01
5.050000000000000000e+01
7.009999999999999432e+01
3.739999999999999858e+01
4.229999999999999716e+01
4.770000000000000284e+01
2.930000000000000071e+01
5.160000000000000142e+01
2.460000000000000142e+01
4.789999999999999858e+01
3.879999999999999716e+01
2.700000000000000000e+01
5.620000000000000284e+01
3.360000000000000142e+01
4.700000000000000000e+01
5.710000000000000142e+01
2.210000000000000142e+01
2.500000000000000000e+01
3.420000000000000284e+01
4.929999999999999716e+01
5.510000000000000142e+01
2.730000000000000071e+01
2.289999999999999858e+01
2.530000000000000071e+01
4.770000000000000284e+01
4.620000000000000284e+01
1.590000000000000036e+01
1.819999999999999929e+01
3.470000000000000284e+01
3.410000000000000142e+01
5.389999999999999858e+01
3.829999999999999716e+01
4.200000000000000000e+01
6.150000000000000000e+01
1.340000000000000036e+01
1.319999999999999929e+01
4.420000000000000284e+01
2.069999999999999929e+01
2.700000000000000000e+01
3.889999999999999858e+01
5.170000000000000284e+01
1.369999999999999929e+01
4.189999999999999858e+01
5.350000000000000000e+01
2.260000000000000142e+01
4.239999999999999858e+01
2.130000000000000071e+01
6.320000000000000284e+01
2.769999999999999929e+01
5.500000000000000000e+01
2.530000000000000071e+01
4.429999999999999716e+01
5.070000000000000284e+01
5.679999999999999716e+01
3.620000000000000284e+01
4.200000000000000000e+01
5.900000000000000000e+01
4.079999999999999716e+01
3.629999999999999716e+01
2.000000000000000000e+01
5.439999999999999858e+01
2.950000000000000000e+01
3.679999999999999716e+01
2.560000000000000142e+01
2.980000000000000071e+01
2.650000000000000000e+01
4.029999999999999716e+01
3.679999999999999716e+01
4.810000000000000142e+01
1.769999999999999929e+01
4.370000000000000284e+01
5.079999999999999716e+01
2.700000000000000000e+01
1.830000000000000071e+01
4.800000000000000000e+01
2.530000000000000071e+01
4.539999999999999858e+01
4.320000000000000284e+01
2.180000000000000071e+01
1.610000000000000142e+01
4.100000000000000000e+01
5.179999999999999716e+01
5.950000000000000000e+01
3.460000000000000142e+01
5.100000000000000000e+01
6.220000000000000284e+01
3.820000000000000284e+01
3.289999999999999858e+01
5.439999999999999858e+01
4.570000000000000284e+01
3.050000000000000000e+01
7.100000000000000000e+01
4.710000000000000142e+01
2.660000000000000142e+01
3.410000000000000142e+01
2.839999999999999858e+01
5.160000000000000142e+01
3.939999999999999858e+01
2.310000000000000142e+01
7.599999999999999645e+00
5.329999999999999716e+01
4.639999999999999858e+01
1.219999999999999929e+01
1.300000000000000000e+01
3.060000000000000142e+01
5.960000000000000142e+01
3.130000000000000071e+01
4.800000000000000000e+01
3.250000000000000000e+01
4.550000000000000000e+01
5.739999999999999858e+01
4.860000000000000142e+01
6.289999999999999858e+01
5.500000000000000000e+01
6.070000000000000284e+01
4.100000000000000000e+01
3.750000000000000000e+01
3.069999999999999929e+01
3.750000000000000000e+01
3.950000000000000000e+01
4.220000000000000284e+01
2.080000000000000071e+01
4.679999999999999716e+01
4.739999999999999858e+01
4.350000000000000000e+01
4.250000000000000000e+01
5.139999999999999858e+01
2.889999999999999858e+01
3.750000000000000000e+01
4.010000000000000142e+01
2.839999999999999858e+01
4.550000000000000000e+01
5.220000000000000284e+01
4.320000000000000284e+01
4.510000000000000142e+01
3.970000000000000284e+01
4.850000000000000000e+01
4.470000000000000284e+01
2.889999999999999858e+01
4.089999999999999858e+01
2.069999999999999929e+01
1.559999999999999964e+01
1.830000000000000071e+01
3.560000000000000142e+01
3.939999999999999858e+01
3.739999999999999858e+01
5.779999999999999716e+01
3.960000000000000142e+01
1.159999999999999964e+01
5.550000000000000000e+01
5.520000000000000284e+01
3.060000000000000142e+01
7.359999999999999432e+01
4.339999999999999858e+01
3.739999999999999858e+01
2.350000000000000000e+01
1.440000000000000036e+01
5.879999999999999716e+01
5.810000000000000142e+01
3.510000000000000142e+01
4.520000000000000284e+01
3.650000000000000000e+01
1.919999999999999929e+01
4.200000000000000000e+01
3.670000000000000284e+01
4.260000000000000142e+01
1.550000000000000000e+01
5.589999999999999858e+01
2.360000000000000142e+01
1.880000000000000071e+01
2.180000000000000071e+01
2.150000000000000000e+01
2.569999999999999929e+01
2.200000000000000000e+01
4.429999999999999716e+01
2.050000000000000000e+01
4.229999999999999716e+01
3.779999999999999716e+01
4.270000000000000284e+01
4.929999999999999716e+01
2.930000000000000071e+01
3.460000000000000142e+01
3.660000000000000142e+01
4.820000000000000284e+01
3.910000000000000142e+01
3.160000000000000142e+01
2.550000000000000000e+01
4.589999999999999858e+01
3.150000000000000000e+01
4.610000000000000142e+01
2.660000000000000142e+01
2.139999999999999858e+01
4.400000000000000000e+01
3.420000000000000284e+01
2.619999999999999929e+01
4.089999999999999858e+01
5.220000000000000284e+01
4.350000000000000000e+01
3.110000000000000142e+01
5.800000000000000000e+01
2.089999999999999858e+01
4.810000000000000142e+01
3.970000000000000284e+01
4.079999999999999716e+01
4.379999999999999716e+01
4.020000000000000284e+01
7.829999999999999716e+01
3.850000000000000000e+01
4.850000000000000000e+01
4.229999999999999716e+01
4.600000000000000000e+01
4.900000000000000000e+01
1.280000000000000071e+01
4.020000000000000284e+01
4.660000000000000142e+01
1.900000000000000000e+01
3.339999999999999858e+01
1.469999999999999929e+01
1.739999999999999858e+01
3.239999999999999858e+01
2.389999999999999858e+01
3.929999999999999716e+01
6.189999999999999858e+01
3.900000000000000000e+01
4.060000000000000142e+01
2.969999999999999929e+01
2.880000000000000071e+01
4.139999999999999858e+01
3.339999999999999858e+01
4.820000000000000284e+01
2.169999999999999929e+01
4.079999999999999716e+01
4.060000000000000142e+01
2.310000000000000142e+01
2.230000000000000071e+01
1.500000000000000000e+01
3.000000000000000000e+01
1.380000000000000071e+01
5.270000000000000284e+01
2.589999999999999858e+01
5.179999999999999716e+01
1.739999999999999858e+01
2.650000000000000000e+01
4.389999999999999858e+01
6.329999999999999716e+01
2.880000000000000071e+01
3.069999999999999929e+01
2.439999999999999858e+01
5.300000000000000000e+01
3.169999999999999929e+01
4.060000000000000142e+01
3.810000000000000142e+01
2.369999999999999929e+01
4.110000000000000142e+01
4.010000000000000142e+01
2.300000000000000000e+01
1.175000000000000000e+02
2.650000000000000000e+01
4.050000000000000000e+01
2.930000000000000071e+01
4.100000000000000000e+01
4.970000000000000284e+01
3.400000000000000000e+01
2.769999999999999929e+01
4.400000000000000000e+01
3.110000000000000142e+01
4.539999999999999858e+01
4.479999999999999716e+01
2.560000000000000142e+01
2.350000000000000000e+01
3.439999999999999858e+01
5.529999999999999716e+01
5.629999999999999716e+01
3.289999999999999858e+01
5.100000000000000000e+01
4.450000000000000000e+01
3.700000000000000000e+01
5.439999999999999858e+01
2.450000000000000000e+01
4.250000000000000000e+01
3.810000000000000142e+01
2.180000000000000071e+01
3.410000000000000142e+01
2.850000000000000000e+01
1.669999999999999929e+01
4.610000000000000142e+01
3.689999999999999858e+01
3.570000000000000284e+01
2.319999999999999929e+01
3.839999999999999858e+01
2.939999999999999858e+01
5.500000000000000000e+01
5.020000000000000284e+01
2.469999999999999929e+01
5.300000000000000000e+01
1.910000000000000142e+01
2.469999999999999929e+01
4.220000000000000284e+01
7.800000000000000000e+01
4.279999999999999716e+01
4.160000000000000142e+01
2.730000000000000071e+01
4.200000000000000000e+01
3.750000000000000000e+01
4.979999999999999716e+01
2.689999999999999858e+01
1.860000000000000142e+01
3.770000000000000284e+01
3.310000000000000142e+01
4.250000000000000000e+01
3.130000000000000071e+01
3.810000000000000142e+01
6.210000000000000142e+01
3.670000000000000284e+01
2.360000000000000142e+01
1.919999999999999929e+01
1.280000000000000071e+01
1.559999999999999964e+01
3.960000000000000142e+01
3.839999999999999858e+01
2.280000000000000071e+01
3.650000000000000000e+01
3.560000000000000142e+01
3.089999999999999858e+01
3.629999999999999716e+01
5.039999999999999858e+01
4.289999999999999858e+01
3.700000000000000000e+01
5.350000000000000000e+01
4.660000000000000142e+01
4.120000000000000284e+01
3.789999999999999858e+01
3.080000000000000071e+01
1.119999999999999929e+01
5.370000000000000284e+01
4.700000000000000000e+01
4.229999999999999716e+01
2.860000000000000142e+01
2.569999999999999929e+01
3.130000000000000071e+01
3.010000000000000142e+01
6.070000000000000284e+01
4.529999999999999716e+01
4.489999999999999858e+01
4.510000000000000142e+01
2.469999999999999929e+01
4.710000000000000142e+01
6.329999999999999716e+01
4.000000000000000000e+01
4.800000000000000000e+01
3.310000000000000142e+01
2.950000000000000000e+01
2.480000000000000071e+01
2.089999999999999858e+01
4.310000000000000142e+01
2.280000000000000071e+01
4.210000000000000142e+01
5.170000000000000284e+01
4.150000000000000000e+01
5.220000000000000284e+01
4.950000000000000000e+01
2.380000000000000071e+01
3.050000000000000000e+01
5.679999999999999716e+01
3.739999999999999858e+01
6.970000000000000284e+01
5.329999999999999716e+01
4.729999999999999716e+01
2.930000000000000071e+01
4.029999999999999716e+01
1.290000000000000036e+01
4.660000000000000142e+01
5.529999999999999716e+01
2.560000000000000142e+01
2.730000000000000071e+01
6.770000000000000284e+01
3.860000000000000142e+01
3.130000000000000071e+01
3.529999999999999716e+01
4.029999999999999716e+01
2.469999999999999929e+01
4.250000000000000000e+01
3.189999999999999858e+01
3.220000000000000284e+01
2.300000000000000000e+01
3.729999999999999716e+01
3.550000000000000000e+01
2.769999999999999929e+01
2.850000000000000000e+01
3.970000000000000284e+01
4.120000000000000284e+01
3.720000000000000284e+01
4.050000000000000000e+01
2.230000000000000071e+01
2.810000000000000142e+01
1.540000000000000036e+01
5.000000000000000000e+01
4.060000000000000142e+01
5.250000000000000000e+01
6.389999999999999858e+01
